#   Msol    log10(AU)    #    Msol    log10(AU)    #    float    float    float    float    float    float    AISmeans_M1     AISmeans_a    AISmeans_q    std_M1    std_a    std_q
5.200000000000000000e+02 0.000000000000000000e+00 0.000000000000000000e+00 0.000000000000000000e+00 0.000000000000000000e+00 0.000000000000000000e+00
3.638609999999999900e+01 1.225469527503031841e+00 6.382629630545730848e-01 3.765569235209852650e+00 1.185629784131724818e-01 2.371259568263449705e-02
2.102590000000000003e+01 9.897447351742870714e-01 5.543639035665536285e-01 1.701041672287814777e+00 1.185629784131724818e-01 2.371259568263449705e-02
2.477459999999999951e+01 7.057328912917154584e-01 9.367618447926504555e-01 2.157107203529449180e+00 1.185629784131724818e-01 2.371259568263449705e-02
4.443690000000000140e+01 -1.795988503904175360e-01 3.734801482551662888e-01 5.033071744439880035e+00 1.185629784131724818e-01 2.371259568263449705e-02
3.920130000000000337e+01 1.556153538647678802e-01 3.941348883838035611e-01 4.195593390325740302e+00 1.185629784131724818e-01 2.371259568263449705e-02
2.131259999999999977e+01 1.022073531815929748e+00 7.785863761343054801e-01 1.734714428948045395e+00 1.185629784131724818e-01 2.371259568263449705e-02
4.186699999999999733e+01 -1.701226939270004956e-01 4.185062220842190595e-01 4.616005288030663678e+00 1.185629784131724818e-01 2.371259568263449705e-02
3.432739999999999725e+01 1.086484405485499405e+00 5.667018183724954472e-01 3.460503198927113999e+00 1.185629784131724818e-01 2.371259568263449705e-02
2.632959999999999923e+01 -7.212784008722351592e-01 5.137259965969859232e-01 2.355943732152823600e+00 1.185629784131724818e-01 2.371259568263449705e-02
5.558789999999999765e+01 9.772712463699841923e-01 3.286686491124867215e-01 6.968418093104872924e+00 1.185629784131724818e-01 2.371259568263449705e-02
2.337140000000000128e+01 -6.032759794440369916e-01 8.225010055024516431e-01 1.982456139213027768e+00 1.185629784131724818e-01 2.371259568263449705e-02
3.928609999999999758e+01 -3.534162443050392621e-02 3.412988308842058727e-01 4.208771798128822184e+00 1.185629784131724818e-01 2.371259568263449705e-02
5.328260000000000218e+01 1.069901088511090892e+00 6.614429476039082045e-01 6.552234856303243760e+00 1.185629784131724818e-01 2.371259568263449705e-02
3.079070000000000107e+01 -6.695699916465305268e-01 4.200294244690767065e-01 2.955758550978039523e+00 1.185629784131724818e-01 2.371259568263449705e-02
2.318329999999999913e+01 -1.022068440307557724e+00 8.718905418986944156e-01 1.959396275555398859e+00 1.185629784131724818e-01 2.371259568263449705e-02
2.522850000000000037e+01 -1.026384993471280538e+00 7.852072061359176569e-01 2.214579648940983247e+00 1.185629784131724818e-01 2.371259568263449705e-02
3.519539999999999935e+01 -2.499595501273631833e-03 4.573779528006500783e-01 3.588139523519487284e+00 1.185629784131724818e-01 2.371259568263449705e-02
8.291039999999999566e+01 2.316556039762752151e-01 2.404837028889017791e-01 1.247181599632841653e+01 1.185629784131724818e-01 2.371259568263449705e-02
4.868599999999999994e+01 -5.665438031233231975e-01 3.382409727642443631e-01 5.747046368505081659e+00 1.185629784131724818e-01 2.371259568263449705e-02
3.308279999999999887e+01 1.159693493206397807e+00 7.017604314024206147e-01 3.280042864214422593e+00 1.185629784131724818e-01 2.371259568263449705e-02
2.069839999999999947e+01 8.420547859758992226e-01 9.388455146291501130e-01 1.662829751094491826e+00 1.185629784131724818e-01 2.371259568263449705e-02
1.967289999999999850e+01 5.843606287276273958e-01 9.767344926269132532e-01 1.544945216063041471e+00 1.185629784131724818e-01 2.371259568263449705e-02
3.452389999999999759e+01 -6.750285718160891069e-01 4.381486448518273069e-01 3.489270616075842213e+00 1.185629784131724818e-01 2.371259568263449705e-02
3.062470000000000070e+01 1.157438634374357456e+00 6.408291346527476007e-01 2.932686867031435440e+00 1.185629784131724818e-01 2.371259568263449705e-02
2.180160000000000053e+01 9.750419174413242906e-01 9.343350946719507499e-01 1.792619492437673046e+00 1.185629784131724818e-01 2.371259568263449705e-02
3.383460000000000178e+01 1.197230921634119705e+00 6.652154894693597109e-01 3.388687495682034978e+00 1.185629784131724818e-01 2.371259568263449705e-02
4.617819999999999681e+01 9.118242584030686881e-01 4.378862753420445508e-01 5.322045896676073085e+00 1.185629784131724818e-01 2.371259568263449705e-02
2.793639999999999901e+01 -1.012744543124062702e+00 6.596197076215976063e-01 2.567066669603988771e+00 1.185629784131724818e-01 2.371259568263449705e-02
4.067600000000000193e+01 -1.671418761391313956e-01 4.334447831645196203e-01 4.426610933683605253e+00 1.185629784131724818e-01 2.371259568263449705e-02
3.068199999999999861e+01 1.070270659969662530e+00 6.714946874388891818e-01 2.940644365066269472e+00 1.185629784131724818e-01 2.371259568263449705e-02
2.969979999999999976e+01 -2.814601148274381570e-01 4.415820981959474589e-01 2.805181733051341553e+00 1.185629784131724818e-01 2.371259568263449705e-02
2.296590000000000131e+01 7.951198582771321632e-01 9.562786566169843017e-01 1.932849574671131165e+00 1.185629784131724818e-01 2.371259568263449705e-02
6.993359999999999843e+01 9.891791892603627456e-01 2.644093826143656401e-01 9.732396576683527201e+00 1.185629784131724818e-01 2.371259568263449705e-02
6.196050000000000324e+01 8.738487593590416047e-01 3.119180768392765812e-01 8.160102385390231916e+00 1.185629784131724818e-01 2.371259568263449705e-02
4.239929999999999666e+01 1.948749479303780452e-01 4.229173594847084883e-01 4.701455994680387107e+00 1.185629784131724818e-01 2.371259568263449705e-02
3.037869999999999848e+01 1.196015817561338901e+00 7.722186927024526915e-01 2.898600664075729583e+00 1.185629784131724818e-01 2.371259568263449705e-02
4.403289999999999793e+01 9.281535124725952268e-02 4.102091844961381351e-01 4.966757033303679236e+00 1.185629784131724818e-01 2.371259568263449705e-02
6.078889999999999816e+01 9.332711074439338506e-02 2.420047080963794450e-01 7.936570095287777349e+00 1.185629784131724818e-01 2.371259568263449705e-02
3.173519999999999897e+01 1.166675759710054994e+00 6.859449444150343966e-01 3.088102630462444154e+00 1.185629784131724818e-01 2.371259568263449705e-02
2.621539999999999893e+01 6.776981814745106636e-01 9.377846609244947507e-01 2.341155554561410668e+00 1.185629784131724818e-01 2.371259568263449705e-02
6.010940000000000083e+01 8.318480270314722036e-01 3.458627103248410606e-01 7.807831654896858709e+00 1.185629784131724818e-01 2.371259568263449705e-02
1.215210000000000079e+01 -6.670749989082372933e-01 9.360851210901819375e-01 7.699128690911756223e-01 1.185629784131724818e-01 2.371259568263449705e-02
2.191460000000000008e+01 -9.997829070277697294e-01 9.427368055999196805e-01 1.806084496627512692e+00 1.185629784131724818e-01 2.371259568263449705e-02
6.573919999999999675e+01 9.891480205562408479e-01 2.382992187309854737e-01 8.894300921147817007e+00 1.185629784131724818e-01 2.371259568263449705e-02
1.948160000000000025e+01 9.992032077312578142e-01 9.789698998028908417e-01 1.523255388179066472e+00 1.185629784131724818e-01 2.371259568263449705e-02
2.385529999999999973e+01 1.097808940207253947e+00 8.506201976080786098e-01 2.042164486425171788e+00 1.185629784131724818e-01 2.371259568263449705e-02
4.212830000000000297e+01 1.675764184893364234e-02 3.588632819268757213e-01 4.657890399697265593e+00 1.185629784131724818e-01 2.371259568263449705e-02
4.014390000000000214e+01 6.388104280516204714e-02 3.596536460084844844e-01 4.342806652139145740e+00 1.185629784131724818e-01 2.371259568263449705e-02
4.718319999999999936e+01 1.154995757464071238e+00 3.800081384899710035e-01 5.491126845711818305e+00 1.185629784131724818e-01 2.371259568263449705e-02
2.211459999999999937e+01 -8.296003886572982378e-01 8.019950620856810541e-01 1.829993231504765561e+00 1.185629784131724818e-01 2.371259568263449705e-02
4.349839999999999662e+01 7.699950913956270515e-01 2.361029371195262350e-01 4.879448491815807643e+00 1.185629784131724818e-01 2.371259568263449705e-02
3.901420000000000243e+01 -1.690342939110129894e-01 4.337548892454541893e-01 4.166562994088494065e+00 1.185629784131724818e-01 2.371259568263449705e-02
5.140500000000000114e+01 1.186795351240429452e+00 5.045871024219433787e-01 6.219313217561875717e+00 1.185629784131724818e-01 2.371259568263449705e-02
1.918759999999999977e+01 -7.500828992199064515e-01 8.055567137109382880e-01 1.490108157353986940e+00 1.185629784131724818e-01 2.371259568263449705e-02
5.600919999999999987e+01 9.395272395701300683e-01 2.675542589431736396e-01 7.045348393052705660e+00 1.185629784131724818e-01 2.371259568263449705e-02
2.271839999999999904e+01 -1.017573624875005134e+00 9.219223184731319964e-01 1.902765307290408714e+00 1.185629784131724818e-01 2.371259568263449705e-02
4.002920000000000300e+01 -2.517504723197842159e-03 4.546381141766509537e-01 4.324807853422115045e+00 1.185629784131724818e-01 2.371259568263449705e-02
1.835709999999999908e+01 -8.747139667063364987e-01 8.579459718583001271e-01 1.397710937100065109e+00 1.185629784131724818e-01 2.371259568263449705e-02
1.480470000000000041e+01 -9.420601714873121368e-01 9.860382175930616500e-01 1.024122336233688202e+00 1.185629784131724818e-01 2.371259568263449705e-02
2.815350000000000108e+01 -4.663906101498628276e-01 4.801854121157227429e-01 2.596023808619285944e+00 1.185629784131724818e-01 2.371259568263449705e-02
2.365510000000000090e+01 7.129088543304653580e-01 9.342171455626904208e-01 2.017394783063238606e+00 1.185629784131724818e-01 2.371259568263449705e-02
3.258030000000000115e+01 -4.910543655365547933e-01 4.377983014275497742e-01 3.208047335946645262e+00 1.185629784131724818e-01 2.371259568263449705e-02
3.324889999999999901e+01 -7.009614605282700195e-01 3.969635085672007513e-01 3.303950738627420947e+00 1.185629784131724818e-01 2.371259568263449705e-02
3.632489999999999952e+01 -2.700661532857059899e-01 4.808079306481228832e-01 3.756384259705228601e+00 1.185629784131724818e-01 2.371259568263449705e-02
2.195139999999999958e+01 -8.645810949721477456e-01 6.900197709485500486e-01 1.810476338058926160e+00 1.185629784131724818e-01 2.371259568263449705e-02
3.304299999999999926e+01 1.202828753294429065e+00 6.861271676300578770e-01 3.274322279658193224e+00 1.185629784131724818e-01 2.371259568263449705e-02
3.048369999999999891e+01 -3.152641230779860693e-01 3.802687993911500475e-01 2.913134381143954954e+00 1.185629784131724818e-01 2.371259568263449705e-02
1.902809999999999846e+01 -7.465989877684275910e-01 6.845139556760790889e-01 1.472220510748840638e+00 1.185629784131724818e-01 2.371259568263449705e-02
5.292580000000000240e+01 8.730908940622095216e-01 3.860045573236493555e-01 6.488548394862007740e+00 1.185629784131724818e-01 2.371259568263449705e-02
2.005069999999999908e+01 9.984982218855610325e-01 7.404778885525193921e-01 1.588060012536189447e+00 1.185629784131724818e-01 2.371259568263449705e-02
3.566129999999999711e+01 2.291065272522464086e-02 4.150409547604826943e-01 3.657244217005825249e+00 1.185629784131724818e-01 2.371259568263449705e-02
3.489359999999999928e+01 1.155138586003646051e+00 6.617775179402526353e-01 3.543596466060535022e+00 1.185629784131724818e-01 2.371259568263449705e-02
1.360369999999999990e+01 -7.372713353079466403e-01 8.756367752890756861e-01 9.062493070106860671e-01 1.185629784131724818e-01 2.371259568263449705e-02
4.335660000000000025e+01 1.085988459735667544e-01 4.026860962344833150e-01 4.856368008847042006e+00 1.185629784131724818e-01 2.371259568263449705e-02
1.941359999999999886e+01 -7.321644260393489478e-01 9.073227016112416221e-01 1.515568508311879725e+00 1.185629784131724818e-01 2.371259568263449705e-02
2.296829999999999927e+01 -9.060252918652006437e-01 7.726779953239900633e-01 1.933142021113688713e+00 1.185629784131724818e-01 2.371259568263449705e-02
3.641449999999999676e+01 -1.769204668885490106e-01 4.433343860275439918e-01 3.769833936812517550e+00 1.185629784131724818e-01 2.371259568263449705e-02
4.890780000000000172e+01 2.259008633665531285e-01 3.799802894425837740e-01 5.785128251894491314e+00 1.185629784131724818e-01 2.371259568263449705e-02
3.388539999999999708e+01 1.180094320257481844e+00 6.778819196468096608e-01 3.396068706768133438e+00 1.185629784131724818e-01 2.371259568263449705e-02
4.254149999999999920e+01 7.148241379892691372e-01 3.108070942491449884e-01 4.724366901098534299e+00 1.185629784131724818e-01 2.371259568263449705e-02
6.409420000000000073e+01 -3.581720539274828585e-01 3.102496013679865161e-01 8.572214318889308515e+00 1.185629784131724818e-01 2.371259568263449705e-02
6.861610000000000298e+01 1.025559812305213203e+00 4.034198970795483952e-01 9.466566200096167449e+00 1.185629784131724818e-01 2.371259568263449705e-02
4.318619999999999948e+01 -3.218851468515203651e-01 3.076121538824902468e-01 4.828678011311509977e+00 1.185629784131724818e-01 2.371259568263449705e-02
2.484750000000000014e+01 -7.889595942679467067e-01 6.211771808028976327e-01 2.166305884150247607e+00 1.185629784131724818e-01 2.371259568263449705e-02
1.834469999999999956e+01 7.698128792693488265e-01 9.959661373584741684e-01 1.396345381753029358e+00 1.185629784131724818e-01 2.371259568263449705e-02
1.235870000000000068e+01 -8.786010354149695889e-01 9.378251757870972316e-01 7.888936479600303642e-01 1.185629784131724818e-01 2.371259568263449705e-02
3.908639999999999759e+01 4.852337177652613770e-02 4.434227762086045965e-01 4.177758019586576665e+00 1.185629784131724818e-01 2.371259568263449705e-02
2.123730000000000118e+01 7.127456398106645219e-01 9.560443182513783666e-01 1.725850572601345334e+00 1.185629784131724818e-01 2.371259568263449705e-02
1.942849999999999966e+01 6.855823187939961150e-01 9.553748359368967602e-01 1.517251803051074432e+00 1.185629784131724818e-01 2.371259568263449705e-02
2.759140000000000015e+01 -1.012772272136870599e+00 6.772798770631428544e-01 2.521259708476826233e+00 1.185629784131724818e-01 2.371259568263449705e-02
2.482999999999999829e+01 -5.833145679700005859e-01 4.757470801449859010e-01 2.164096580920983115e+00 1.185629784131724818e-01 2.371259568263449705e-02
3.418469999999999942e+01 -1.397452661471075552e-01 4.474662641474109748e-01 3.439658956609250140e+00 1.185629784131724818e-01 2.371259568263449705e-02
2.241880000000000095e+01 -1.009664253670734979e+00 9.372312523417846153e-01 1.866545824115490859e+00 1.185629784131724818e-01 2.371259568263449705e-02
1.715480000000000160e+01 -7.110201108565088468e-01 7.614486907454472986e-01 1.267262645822121669e+00 1.185629784131724818e-01 2.371259568263449705e-02
4.077340000000000231e+01 1.577679463379299818e-01 3.401825700088783044e-01 4.442005647714012184e+00 1.185629784131724818e-01 2.371259568263449705e-02
2.560399999999999920e+01 1.108189419865928782e+00 8.948484611779409237e-01 2.262480474262808627e+00 1.185629784131724818e-01 2.371259568263449705e-02
3.952859999999999729e+01 1.122055241552407656e+00 1.720002732198964990e-01 4.246529329023474020e+00 1.185629784131724818e-01 2.371259568263449705e-02
4.448129999999999740e+01 5.499203512918462294e-02 3.589935545948522710e-01 5.040376683868487362e+00 1.185629784131724818e-01 2.371259568263449705e-02
3.815090000000000003e+01 -3.403309524425544019e-01 4.129784618449368061e-01 4.033438046454861592e+00 1.185629784131724818e-01 2.371259568263449705e-02
5.154569999999999652e+01 1.120619990299324797e+00 2.715784245824579002e-01 6.244070402096639327e+00 1.185629784131724818e-01 2.371259568263449705e-02
6.993300000000000693e+01 -4.373871843449508301e-01 2.945247594125806057e-01 9.732274983826073367e+00 1.185629784131724818e-01 2.371259568263449705e-02
2.400700000000000145e+01 1.045753147594141286e+00 7.945432582163535207e-01 2.060996264947952739e+00 1.185629784131724818e-01 2.371259568263449705e-02
4.152499999999999858e+01 1.266009763564556606e-02 3.501481035520770391e-01 4.561364690410670164e+00 1.185629784131724818e-01 2.371259568263449705e-02
3.430850000000000222e+01 -2.984415125415634806e-01 4.517481090691810586e-01 3.457740199015162830e+00 1.185629784131724818e-01 2.371259568263449705e-02
3.907620000000000005e+01 1.084829989064758582e+00 3.278568540441496593e-01 4.176175877981251006e+00 1.185629784131724818e-01 2.371259568263449705e-02
3.246779999999999688e+01 1.221320326179759830e+00 7.694300198966361748e-01 3.191997719213532037e+00 1.185629784131724818e-01 2.371259568263449705e-02
1.421499999999999986e+01 -7.640122518909149285e-01 9.838410130144213950e-01 9.656871619005613638e-01 1.185629784131724818e-01 2.371259568263449705e-02
5.647390000000000043e+01 8.708596167787785447e-01 5.788762596526891846e-01 7.130512962842203706e+00 1.185629784131724818e-01 2.371259568263449705e-02
2.790970000000000084e+01 1.103074725803600220e+00 8.350465967029384595e-01 2.563512405872891975e+00 1.185629784131724818e-01 2.371259568263449705e-02
1.927730000000000032e+01 1.005780899954652252e+00 9.464395947565271694e-01 1.500197358963781369e+00 1.185629784131724818e-01 2.371259568263449705e-02
4.213419999999999987e+01 -1.777128983952692698e-01 4.009142217011358866e-01 4.658837515186675660e+00 1.185629784131724818e-01 2.371259568263449705e-02
4.615559999999999974e+01 1.530736457987528776e-01 3.938633665254053229e-01 5.318262890007872556e+00 1.185629784131724818e-01 2.371259568263449705e-02
2.968220000000000169e+01 -3.548676845991610707e-01 4.735936015524455089e-01 2.802772686471151076e+00 1.185629784131724818e-01 2.371259568263449705e-02
1.441419999999999924e+01 -8.614888904971251815e-01 8.601448571547503086e-01 9.853071788980329870e-01 1.185629784131724818e-01 2.371259568263449705e-02
8.129879999999999995e+01 -4.427040937652597374e-02 2.626754638444848133e-01 1.211998237451683735e+01 1.185629784131724818e-01 2.371259568263449705e-02
1.673250000000000171e+01 -7.327062167873508169e-01 7.793396085462422906e-01 1.222396758748232060e+00 1.185629784131724818e-01 2.371259568263449705e-02
3.463969999999999771e+01 1.053385799817482038e+00 3.110159730020756741e-01 3.506258591794122026e+00 1.185629784131724818e-01 2.371259568263449705e-02
1.451169999999999902e+02 1.460427227402082417e+00 6.434084221696975692e-02 2.825799146570420817e+01 1.185629784131724818e-01 2.371259568263449705e-02
2.120489999999999853e+01 1.032606674565235583e+00 9.319261114176440319e-01 1.722041000954476431e+00 1.185629784131724818e-01 2.371259568263449705e-02
3.402340000000000231e+01 -6.695334651057470721e-01 3.722790785165503435e-01 3.416145443621303457e+00 1.185629784131724818e-01 2.371259568263449705e-02
3.858220000000000027e+01 -1.491743261748364191e-01 4.075532240255869132e-01 4.099776667912323092e+00 1.185629784131724818e-01 2.371259568263449705e-02
1.902909999999999968e+01 8.708292119025031752e-01 9.386203236096295477e-01 1.472332449321811509e+00 1.185629784131724818e-01 2.371259568263449705e-02
2.368049999999999855e+01 -1.017305084182893671e+00 8.629251916133527933e-01 2.020532163008418536e+00 1.185629784131724818e-01 2.371259568263449705e-02
4.178649999999999665e+01 -4.087672756024115506e-01 3.453220537733479034e-01 4.603125553495729605e+00 1.185629784131724818e-01 2.371259568263449705e-02
4.646829999999999927e+01 -2.953785376673329632e-01 4.037655778240219484e-01 5.370680883915014192e+00 1.185629784131724818e-01 2.371259568263449705e-02
1.893750000000000000e+01 7.423849447392901757e-01 9.631049504950495166e-01 1.462089880527614127e+00 1.185629784131724818e-01 2.371259568263449705e-02
2.623930000000000007e+01 1.125702423049341316e+00 8.524198435171670418e-01 2.344248044252260854e+00 1.185629784131724818e-01 2.371259568263449705e-02
2.199230000000000018e+01 -5.684561214104117965e-01 7.981429864088794846e-01 1.815361389338264075e+00 1.185629784131724818e-01 2.371259568263449705e-02
3.256700000000000017e+01 1.157921942373549840e+00 6.299812693831179367e-01 3.206148599273291211e+00 1.185629784131724818e-01 2.371259568263449705e-02
3.068860000000000099e+01 1.165772401508730072e+00 4.972139491537574396e-01 2.941561369295385475e+00 1.185629784131724818e-01 2.371259568263449705e-02
3.586800000000000210e+01 -5.581509644729267805e-01 3.345879335340693483e-01 3.688035287352448677e+00 1.185629784131724818e-01 2.371259568263449705e-02
1.658299999999999841e+01 -9.323081042457923573e-01 9.036422842670205346e-01 1.206634590661977313e+00 1.185629784131724818e-01 2.371259568263449705e-02
1.641310000000000002e+01 -8.635077351961613079e-01 8.820149758424672415e-01 1.188799002958965900e+00 1.185629784131724818e-01 2.371259568263449705e-02
5.852369999999999806e+01 3.168045640436112920e-01 2.388570784143859704e-01 7.510013610243817084e+00 1.185629784131724818e-01 2.371259568263449705e-02
3.022919999999999874e+01 1.161846959528518797e+00 6.098970531803685757e-01 2.877946756900314540e+00 1.185629784131724818e-01 2.371259568263449705e-02
2.691509999999999891e+01 -2.708651906252760311e-01 4.413396197673425392e-01 2.432217533101159290e+00 1.185629784131724818e-01 2.371259568263449705e-02
2.706190000000000140e+01 1.003856731216126175e+00 5.511808113990518398e-01 2.451460143008993953e+00 1.185629784131724818e-01 2.371259568263449705e-02
1.952700000000000102e+01 9.934904588085785582e-01 9.234495826291800880e-01 1.528394248101051289e+00 1.185629784131724818e-01 2.371259568263449705e-02
5.769780000000000086e+01 6.026332857959396105e-02 2.445223214749955576e-01 7.356357289657964316e+00 1.185629784131724818e-01 2.371259568263449705e-02
3.705490000000000350e+01 -1.754452923609008119e-01 4.313275707126452141e-01 3.866401281016479174e+00 1.185629784131724818e-01 2.371259568263449705e-02
4.074719999999999942e+01 1.215893870249603326e-01 3.663466446774256702e-01 4.437862911131006172e+00 1.185629784131724818e-01 2.371259568263449705e-02
3.641329999999999956e+01 2.196310069994746039e-03 3.846946033454808900e-01 3.769653707475086435e+00 1.185629784131724818e-01 2.371259568263449705e-02
2.273130000000000095e+01 -9.994444585339007370e-01 9.568348488647810957e-01 1.904329694948955876e+00 1.185629784131724818e-01 2.371259568263449705e-02
4.494100000000000250e+01 9.376051433444134720e-01 2.304043078703188474e-01 5.116204996972015806e+00 1.185629784131724818e-01 2.371259568263449705e-02
7.933010000000000161e+01 -4.021589770328901081e-01 2.564247366384260207e-01 1.169457131879389067e+01 1.185629784131724818e-01 2.371259568263449705e-02
1.918590000000000018e+01 7.802849008947985165e-01 9.519021781620878864e-01 1.489917150954781278e+00 1.185629784131724818e-01 2.371259568263449705e-02
3.084840000000000160e+01 1.179063222394980182e+00 6.145861697851427996e-01 2.963791301406644152e+00 1.185629784131724818e-01 2.371259568263449705e-02
4.580349999999999966e+01 -9.842072509100711908e-02 3.654502385188905245e-01 5.259434688381091405e+00 1.185629784131724818e-01 2.371259568263449705e-02
2.424340000000000117e+01 1.076429251675248722e+00 7.694300304412747815e-01 2.090449895368195143e+00 1.185629784131724818e-01 2.371259568263449705e-02
3.640890000000000271e+01 1.200546823384518014e+00 6.306699735504230908e-01 3.768992889727655893e+00 1.185629784131724818e-01 2.371259568263449705e-02
2.845710000000000051e+01 -2.186697959331749541e-01 4.985399074396196228e-01 2.636688455288151545e+00 1.185629784131724818e-01 2.371259568263449705e-02
3.007239999999999824e+01 1.114454182959507378e+00 7.160552533219829430e-01 2.856334105799867018e+00 1.185629784131724818e-01 2.371259568263449705e-02
3.973499999999999943e+01 8.108434680725098986e-02 3.833270416509375056e-01 4.278749475659907375e+00 1.185629784131724818e-01 2.371259568263449705e-02
4.075990000000000180e+01 1.548954455196559776e-01 3.404522582243822426e-01 4.439870879633701861e+00 1.185629784131724818e-01 2.371259568263449705e-02
3.561740000000000350e+01 1.218217676538833505e+00 4.860938754653624239e-01 3.650715096630634093e+00 1.185629784131724818e-01 2.371259568263449705e-02
2.005320000000000036e+01 5.285349187273824523e-01 9.862216504099097225e-01 1.588346543303380543e+00 1.185629784131724818e-01 2.371259568263449705e-02
3.655749999999999744e+01 -1.988625742218233239e-01 4.686015181563291110e-01 3.791330631477080715e+00 1.185629784131724818e-01 2.371259568263449705e-02
3.806380000000000052e+01 9.623198461653045821e-02 4.082172562907539493e-01 4.020082467057690678e+00 1.185629784131724818e-01 2.371259568263449705e-02
2.097200000000000131e+01 9.337640750146172230e-01 9.534617585351896629e-01 1.694734163422417339e+00 1.185629784131724818e-01 2.371259568263449705e-02
4.127210000000000178e+01 7.237863980151105769e-01 3.431761407827563781e-01 4.521091368326679572e+00 1.185629784131724818e-01 2.371259568263449705e-02
1.841169999999999973e+01 -9.720676461793464895e-01 7.879446221695987074e-01 1.403728724230525415e+00 1.185629784131724818e-01 2.371259568263449705e-02
2.115340000000000131e+01 1.032199573212670751e+00 7.457902748494331657e-01 1.715991067501910550e+00 1.185629784131724818e-01 2.371259568263449705e-02
6.658450000000000557e+01 9.884327523640545898e-01 3.695409592322537184e-01 9.061268419459850065e+00 1.185629784131724818e-01 2.371259568263449705e-02
4.245369999999999777e+01 -3.636545515237302184e-01 4.051943646843503277e-01 4.710216643546516480e+00 1.185629784131724818e-01 2.371259568263449705e-02
1.903620000000000090e+01 6.843758186244531805e-01 9.526901377375736057e-01 1.473127289378133753e+00 1.185629784131724818e-01 2.371259568263449705e-02
5.008509999999999707e+01 1.877519070035031656e-01 3.116036505867014750e-01 5.988587452118338206e+00 1.185629784131724818e-01 2.371259568263449705e-02
2.960510000000000019e+01 -2.781926811527671295e-01 4.517329784395255898e-01 2.792227062394651682e+00 1.185629784131724818e-01 2.371259568263449705e-02
2.389339999999999975e+01 -5.512720431864164272e-01 7.302393129483456535e-01 2.046889078471664902e+00 1.185629784131724818e-01 2.371259568263449705e-02
4.041660000000000252e+01 1.014671717484125990e+00 2.398410554079264123e-01 4.385693195293328017e+00 1.185629784131724818e-01 2.371259568263449705e-02
3.769780000000000086e+01 -1.716771342576374135e-02 3.701303524343595441e-01 3.964113902073037821e+00 1.185629784131724818e-01 2.371259568263449705e-02
2.869940000000000069e+01 1.033037544272610742e+00 6.480832351895857713e-01 2.669284056207267497e+00 1.185629784131724818e-01 2.371259568263449705e-02
2.361319999999999908e+01 8.711559528217753812e-01 9.345408500330323331e-01 2.012222668869924291e+00 1.185629784131724818e-01 2.371259568263449705e-02
2.259819999999999851e+01 1.009357397685993307e+00 6.318644847819738786e-01 1.888207912119625576e+00 1.185629784131724818e-01 2.371259568263449705e-02
1.927280000000000015e+01 6.524445816506944107e-01 9.440818147856046005e-01 1.499690706838649135e+00 1.185629784131724818e-01 2.371259568263449705e-02
3.438989999999999725e+01 -9.346617656784993178e-02 4.510713901465255860e-01 3.469645033599121575e+00 1.185629784131724818e-01 2.371259568263449705e-02
3.051269999999999882e+01 1.204168838037075195e+00 7.816777931811998981e-01 2.917152466544067124e+00 1.185629784131724818e-01 2.371259568263449705e-02
2.376210000000000022e+01 -4.148247578214354636e-01 7.686568106354236818e-01 2.030621596485474356e+00 1.185629784131724818e-01 2.371259568263449705e-02
4.172749999999999915e+01 -6.677448129029701918e-02 4.354226828829908524e-01 4.593692945578837339e+00 1.185629784131724818e-01 2.371259568263449705e-02
2.764870000000000161e+01 7.043101293508262639e-01 9.449449702879338941e-01 2.528849765601627553e+00 1.185629784131724818e-01 2.371259568263449705e-02
1.873460000000000036e+01 7.491733772476334430e-01 9.546400777171649699e-01 1.439481373230030670e+00 1.185629784131724818e-01 2.371259568263449705e-02
3.756989999999999696e+01 -1.403472214339715196e-01 3.765274860992444128e-01 3.944613722374654685e+00 1.185629784131724818e-01 2.371259568263449705e-02
2.471659999999999968e+01 1.032340691150536838e+00 6.230266298762775490e-01 2.149797377197153025e+00 1.185629784131724818e-01 2.371259568263449705e-02
2.238109999999999999e+01 -4.760000520149000325e-01 9.543856200097403653e-01 1.862003571470147278e+00 1.185629784131724818e-01 2.371259568263449705e-02
3.167909999999999826e+01 -5.657457540926508210e-01 4.749850848035455653e-01 3.080191228820510219e+00 1.185629784131724818e-01 2.371259568263449705e-02
3.213269999999999982e+01 9.470364990539663630e-01 3.511500745346640695e-01 3.144341143502657587e+00 1.185629784131724818e-01 2.371259568263449705e-02
1.154649999999999999e+01 -3.521604782256632649e-01 9.696877841770233930e-01 7.151092289571394645e-01 1.185629784131724818e-01 2.371259568263449705e-02
2.909219999999999828e+01 -2.390387527116796806e-01 4.717828146376004672e-01 2.722391255842538271e+00 1.185629784131724818e-01 2.371259568263449705e-02
2.918380000000000152e+01 1.168847959729389485e+00 7.475140317573447657e-01 2.734822732860720862e+00 1.185629784131724818e-01 2.371259568263449705e-02
3.084530000000000172e+01 -5.687504542230328308e-01 4.930702570569908127e-01 2.963359558888335243e+00 1.185629784131724818e-01 2.371259568263449705e-02
3.121580000000000155e+01 -2.850184494753689735e-01 4.681123021034219733e-01 3.015099032646489263e+00 1.185629784131724818e-01 2.371259568263449705e-02
4.296999999999999886e+01 9.565199514061690778e-01 2.369443797998603551e-01 4.793617383380649244e+00 1.185629784131724818e-01 2.371259568263449705e-02
2.445410000000000039e+01 -7.739184645100474214e-01 5.210414613500394809e-01 2.116811233512223112e+00 1.185629784131724818e-01 2.371259568263449705e-02
4.334839999999999804e+01 -2.500195590073122642e-01 4.072745476188279201e-01 4.855034367064419598e+00 1.185629784131724818e-01 2.371259568263449705e-02
1.978709999999999880e+01 5.905542896976105904e-01 9.511904220426440348e-01 1.557938791542753165e+00 1.185629784131724818e-01 2.371259568263449705e-02
3.153049999999999997e+01 -2.794595120112543518e-01 5.846592981398962552e-01 3.059265951883510581e+00 1.185629784131724818e-01 2.371259568263449705e-02
3.806759999999999877e+01 1.021660484199312657e-01 4.333317571898412379e-01 4.020664853925083548e+00 1.185629784131724818e-01 2.371259568263449705e-02
7.751439999999999486e+01 -3.330002573171715885e-01 2.826468372328238554e-01 1.130654242485405803e+01 1.185629784131724818e-01 2.371259568263449705e-02
3.856980000000000075e+01 -1.732852467168265187e-01 4.077827730504176573e-01 4.097864667800891425e+00 1.185629784131724818e-01 2.371259568263449705e-02
2.251450000000000173e+01 1.040463881735047558e+00 8.504785804703633989e-01 1.878091649319372891e+00 1.185629784131724818e-01 2.371259568263449705e-02
2.507150000000000034e+01 9.767006666048583252e-01 4.921444668248808885e-01 2.194647057481660113e+00 1.185629784131724818e-01 2.371259568263449705e-02
3.422610000000000241e+01 1.177166976032408385e+00 6.894153876719812946e-01 3.445702199957267453e+00 1.185629784131724818e-01 2.371259568263449705e-02
2.353020000000000067e+01 -9.885987400752560550e-01 9.171745246534240836e-01 2.001989438856590198e+00 1.185629784131724818e-01 2.371259568263449705e-02
3.641190000000000282e+01 2.651700470055331937e+00 1.859740908878690646e-01 3.769443443335546817e+00 1.185629784131724818e-01 2.371259568263449705e-02
2.253209999999999980e+01 -1.021292347660392119e+00 9.381548990107446695e-01 1.880217436338057269e+00 1.185629784131724818e-01 2.371259568263449705e-02
3.091649999999999920e+01 1.185355138495677307e+00 6.884608542364110129e-01 2.973280679246244063e+00 1.185629784131724818e-01 2.371259568263449705e-02
3.771390000000000242e+01 1.225893747610427853e-01 4.320237366063970352e-01 3.966570717474326102e+00 1.185629784131724818e-01 2.371259568263449705e-02
1.481589999999999918e+01 -7.506915537368269442e-01 8.416970956877408705e-01 1.025242450936804772e+00 1.185629784131724818e-01 2.371259568263449705e-02
3.479449999999999932e+01 -2.953965425852637661e-01 4.249953297216513826e-01 3.529008308820763773e+00 1.185629784131724818e-01 2.371259568263449705e-02
1.946229999999999905e+01 8.631961228289168897e-01 9.426943372571587876e-01 1.521072440103615975e+00 1.185629784131724818e-01 2.371259568263449705e-02
4.037789999999999679e+01 -2.350844775187197477e-01 3.130227178728958726e-01 4.379598916563921307e+00 1.185629784131724818e-01 2.371259568263449705e-02
4.692999999999999972e+01 3.200361400510786658e-01 3.911314724057106118e-01 5.448371522520702115e+00 1.185629784131724818e-01 2.371259568263449705e-02
1.995060000000000144e+01 5.560128745598854616e-01 9.363377542530048059e-01 1.576600564193782361e+00 1.185629784131724818e-01 2.371259568263449705e-02
4.431790000000000163e+01 -4.250085560225053682e-01 3.859614286778028647e-01 5.013509665323724107e+00 1.185629784131724818e-01 2.371259568263449705e-02
6.108319999999999794e+01 -6.934382174193563786e-02 2.334029651360766955e-01 7.992535028726635460e+00 1.185629784131724818e-01 2.371259568263449705e-02
5.462460000000000093e+01 -3.277727970137243596e-01 3.480464845509166349e-01 6.793525238216901130e+00 1.185629784131724818e-01 2.371259568263449705e-02
1.578819999999999979e+01 -6.192010490158871283e-01 9.338683320454516101e-01 1.123914686362041948e+00 1.185629784131724818e-01 2.371259568263449705e-02
4.463949999999999818e+01 2.232525009230271543e-02 3.355817157450240451e-01 5.066431765722100522e+00 1.185629784131724818e-01 2.371259568263449705e-02
2.600059999999999860e+01 -1.004559184709229225e+00 7.193333999984615756e-01 2.313419326974191392e+00 1.185629784131724818e-01 2.371259568263449705e-02
3.096610000000000085e+01 1.060871523412076689e+00 7.149237391857548030e-01 2.980198158485265481e+00 1.185629784131724818e-01 2.371259568263449705e-02
4.226420000000000243e+01 2.433283085495636933e-01 4.120437628063466917e-01 4.679721538191358832e+00 1.185629784131724818e-01 2.371259568263449705e-02
3.611889999999999645e+01 -2.971250561832152193e-01 5.074933068282810877e-01 3.725519342486279584e+00 1.185629784131724818e-01 2.371259568263449705e-02
3.524230000000000018e+01 9.724273355942443242e-01 6.209696869954571818e-01 3.595077221449869853e+00 1.185629784131724818e-01 2.371259568263449705e-02
2.584509999999999863e+01 1.049547496153299786e+00 8.046941199685820889e-01 2.293404852944526340e+00 1.185629784131724818e-01 2.371259568263449705e-02
4.657560000000000144e+01 -8.690809989685822912e-02 3.652320098935923354e-01 5.388704939082785472e+00 1.185629784131724818e-01 2.371259568263449705e-02
5.361299999999999955e+01 -5.595837125354194974e-01 2.818514166340253535e-01 6.611384161564174633e+00 1.185629784131724818e-01 2.371259568263449705e-02
4.669050000000000011e+01 8.961932042282263478e-01 4.820680866557436328e-01 5.408026731044699886e+00 1.185629784131724818e-01 2.371259568263449705e-02
7.608559999999999945e+01 -2.191047335119786776e-01 2.222431051342172725e-01 1.100414488830389814e+01 1.185629784131724818e-01 2.371259568263449705e-02
3.238980000000000103e+01 1.026022269662717035e+00 7.333141915047328707e-01 3.180884812579279242e+00 1.185629784131724818e-01 2.371259568263449705e-02
2.071910000000000096e+01 5.440258536941685596e-01 9.568272753160127486e-01 1.665236957028646714e+00 1.185629784131724818e-01 2.371259568263449705e-02
3.345640000000000214e+01 -4.521564035014508653e-01 3.882844537965829956e-01 3.333893985045335739e+00 1.185629784131724818e-01 2.371259568263449705e-02
2.089189999999999969e+01 -4.581699859646432005e-01 7.663639975301432816e-01 1.685374171528010834e+00 1.185629784131724818e-01 2.371259568263449705e-02
5.170550000000000068e+01 8.071567159676577008e-01 3.466652483778321359e-01 6.272226029933705149e+00 1.185629784131724818e-01 2.371259568263449705e-02
2.987109999999999843e+01 -6.520107480444994330e-01 4.582221612193725924e-01 2.828662690971050608e+00 1.185629784131724818e-01 2.371259568263449705e-02
4.303079999999999927e+01 -2.640667265047686452e-01 3.901066213038102970e-01 4.803469036631383915e+00 1.185629784131724818e-01 2.371259568263449705e-02
2.295649999999999835e+01 -9.950598750699309880e-01 9.508940822860628694e-01 1.931704292389284205e+00 1.185629784131724818e-01 2.371259568263449705e-02
3.176069999999999993e+01 1.179887722414778128e+00 6.007991007754867052e-01 3.091700824348023957e+00 1.185629784131724818e-01 2.371259568263449705e-02
3.946320000000000050e+01 -1.265887116171703630e-01 4.286829248515072743e-01 4.236336031682782277e+00 1.185629784131724818e-01 2.371259568263449705e-02
3.537069999999999936e+01 -9.970334748692558091e-02 4.404775704184537011e-01 3.614092343470616697e+00 1.185629784131724818e-01 2.371259568263449705e-02
1.851470000000000127e+01 9.117827557933158023e-01 9.281057754108895663e-01 1.415102838352339631e+00 1.185629784131724818e-01 2.371259568263449705e-02
2.055239999999999867e+01 9.779932412993010971e-01 6.165654619411845561e-01 1.645882253711661747e+00 1.185629784131724818e-01 2.371259568263449705e-02
3.911240000000000094e+01 1.128431581093246594e+00 5.070693693048751172e-01 4.181791781843173794e+00 1.185629784131724818e-01 2.371259568263449705e-02
1.775659999999999883e+01 -8.117241508305719222e-01 7.256231485757409505e-01 1.332060444898488072e+00 1.185629784131724818e-01 2.371259568263449705e-02
1.748799999999999955e+01 -6.508274154206123985e-01 8.935269899359560286e-01 1.303015260417900834e+00 1.185629784131724818e-01 2.371259568263449705e-02
4.899819999999999709e+01 1.126033948051812894e+00 3.961839414509104040e-01 5.800672208125845941e+00 1.185629784131724818e-01 2.371259568263449705e-02
2.080549999999999855e+01 6.865656683304359742e-01 9.343106390137224659e-01 1.675296134107405521e+00 1.185629784131724818e-01 2.371259568263449705e-02
3.835510000000000019e+01 -3.061807513293191008e-01 4.344767710161099861e-01 4.064803814947239857e+00 1.185629784131724818e-01 2.371259568263449705e-02
3.016349999999999909e+01 -1.949363749337592600e-01 4.154657118703068419e-01 2.868884735100827754e+00 1.185629784131724818e-01 2.371259568263449705e-02
1.853140000000000143e+01 -6.434540662307530745e-01 7.993135974616056849e-01 1.416949680514399290e+00 1.185629784131724818e-01 2.371259568263449705e-02
2.696000000000000085e+01 1.079101618093156967e+00 8.463353115727002551e-01 2.438098010264553750e+00 1.185629784131724818e-01 2.371259568263449705e-02
2.140609999999999857e+01 5.599664410932145842e-01 9.621696619187989352e-01 1.745740358841310069e+00 1.185629784131724818e-01 2.371259568263449705e-02
2.932239999999999824e+01 -6.267219453990545697e-01 3.482184268681963180e-01 2.753666480720156073e+00 1.185629784131724818e-01 2.371259568263449705e-02
4.270439999999999969e+01 1.333696282690779722e-01 4.182917919464972933e-01 4.750655999162944454e+00 1.185629784131724818e-01 2.371259568263449705e-02
7.004099999999999682e+01 1.228664653749232283e+00 1.425489356234205807e-01 9.754169474692474751e+00 1.185629784131724818e-01 2.371259568263449705e-02
2.753610000000000113e+01 1.030579484100111687e+00 8.403550248582769555e-01 2.513941346273206534e+00 1.185629784131724818e-01 2.371259568263449705e-02
1.438289999999999935e+01 -8.202328383955345137e-01 7.763385687170182292e-01 9.822162114494616958e-01 1.185629784131724818e-01 2.371259568263449705e-02
7.177270000000000039e+01 -1.716172640330463350e-01 2.712702740735683515e-01 1.010735785507102946e+01 1.185629784131724818e-01 2.371259568263449705e-02
2.386649999999999849e+01 -4.769549517780742875e-01 9.580835061697358102e-01 2.043552989120968277e+00 1.185629784131724818e-01 2.371259568263449705e-02
3.473299999999999699e+01 -2.350158304033896084e-01 4.069271298189042763e-01 3.519964617560688680e+00 1.185629784131724818e-01 2.371259568263449705e-02
5.146340000000000003e+01 -3.730116126908548241e-02 2.700870910200258712e-01 6.229585348300275882e+00 1.185629784131724818e-01 2.371259568263449705e-02
5.224459999999999837e+01 1.177957604638712574e+00 6.488728021651999356e-01 6.367506295421165419e+00 1.185629784131724818e-01 2.371259568263449705e-02
1.917780000000000129e+01 9.599786472235529722e-01 9.786784719832304358e-01 1.489007166354518574e+00 1.185629784131724818e-01 2.371259568263449705e-02
5.483619999999999806e+01 8.742863702017695804e-01 6.617271072758506012e-01 6.831821852330406841e+00 1.185629784131724818e-01 2.371259568263449705e-02
3.233010000000000161e+01 -2.964567181528851569e-01 3.302433336117116536e-01 3.172387379241541794e+00 1.185629784131724818e-01 2.371259568263449705e-02
2.696900000000000119e+01 1.144505711322298502e+00 8.535132930401572171e-01 2.439277259225967498e+00 1.185629784131724818e-01 2.371259568263449705e-02
2.956990000000000052e+01 -6.383212609163273488e-01 3.311167775339111663e-01 2.787416599230461145e+00 1.185629784131724818e-01 2.371259568263449705e-02
2.453760000000000119e+01 1.326964313578413490e+00 7.412175599895669542e-01 2.127286684956956719e+00 1.185629784131724818e-01 2.371259568263449705e-02
4.396699999999999875e+01 1.885066338181141943e-01 4.012918779994086305e-01 4.955966175484050495e+00 1.185629784131724818e-01 2.371259568263449705e-02
3.612230000000000274e+01 -2.818056645273508409e-01 4.357529836140001667e-01 3.726028113991887381e+00 1.185629784131724818e-01 2.371259568263449705e-02
2.263820000000000121e+01 8.176486509268452441e-01 9.509015734466521597e-01 1.893048429941991628e+00 1.185629784131724818e-01 2.371259568263449705e-02
3.489030000000000342e+01 -9.470560106895709040e-02 3.683258670748030261e-01 3.543110380870146514e+00 1.185629784131724818e-01 2.371259568263449705e-02
3.794060000000000343e+01 -3.952018466800402002e-02 4.372281935446460377e-01 4.001215246582333407e+00 1.185629784131724818e-01 2.371259568263449705e-02
5.034449999999999648e+01 8.409243322694184286e-01 5.622977683758900724e-01 6.033714185932026908e+00 1.185629784131724818e-01 2.371259568263449705e-02
2.960360000000000014e+01 -7.222693377311605323e-01 4.389871502114607305e-01 2.792022018089546975e+00 1.185629784131724818e-01 2.371259568263449705e-02
2.144979999999999976e+01 8.085188548759436600e-01 9.528014247219088739e-01 1.750901117591276090e+00 1.185629784131724818e-01 2.371259568263449705e-02
4.451930000000000121e+01 1.837679286679032298e-01 3.818051946009932140e-01 5.046631309932905651e+00 1.185629784131724818e-01 2.371259568263449705e-02
2.899859999999999971e+01 1.068423359588926758e+00 7.134516838743939493e-01 2.709706680719918381e+00 1.185629784131724818e-01 2.371259568263449705e-02
3.502190000000000225e+01 1.212256872846066313e+00 5.708513815641069744e-01 3.562511084921609950e+00 1.185629784131724818e-01 2.371259568263449705e-02
3.643419999999999703e+01 4.104511052430417917e-02 4.002887397006109627e-01 3.772793088662254490e+00 1.185629784131724818e-01 2.371259568263449705e-02
4.519339999999999691e+01 8.341236540592154025e-01 4.047427279204485751e-01 5.157990285178897238e+00 1.185629784131724818e-01 2.371259568263449705e-02
1.879240000000000066e+01 8.199300227556106657e-01 9.715310444647836663e-01 1.445910668378672881e+00 1.185629784131724818e-01 2.371259568263449705e-02
1.337429999999999986e+01 -9.075846614734087714e-01 9.269195397142280246e-01 8.842487002070775759e-01 1.185629784131724818e-01 2.371259568263449705e-02
4.905120000000000147e+01 -1.136587655370762256e-01 3.849589816355155070e-01 5.809791488365419809e+00 1.185629784131724818e-01 2.371259568263449705e-02
3.385869999999999891e+01 -8.357342602559660050e-02 4.518809050554215556e-01 3.392188583742694163e+00 1.185629784131724818e-01 2.371259568263449705e-02
3.004339999999999833e+01 1.183304016330343211e+00 7.385282624469933221e-01 2.852342463110225879e+00 1.185629784131724818e-01 2.371259568263449705e-02
2.944529999999999959e+01 -2.177775613712586156e-01 3.941715655809246432e-01 2.770409539661663700e+00 1.185629784131724818e-01 2.371259568263449705e-02
4.399490000000000123e+01 -4.771399297839010734e-01 3.266174033808464383e-01 4.960533784713618388e+00 1.185629784131724818e-01 2.371259568263449705e-02
2.399869999999999948e+01 -4.732473056518518018e-01 4.765216449224333184e-01 2.059964522143154397e+00 1.185629784131724818e-01 2.371259568263449705e-02
4.024309999999999832e+01 -1.600866194012035282e-01 2.648951000295702851e-01 4.358392131669575065e+00 1.185629784131724818e-01 2.371259568263449705e-02
2.134390000000000143e+01 -5.640744501869152661e-01 6.939125464418405276e-01 1.738403036645486566e+00 1.185629784131724818e-01 2.371259568263449705e-02
2.563729999999999976e+01 -5.758569651626928021e-01 4.441692377902509148e-01 2.266743841550898253e+00 1.185629784131724818e-01 2.371259568263449705e-02
4.339339999999999975e+01 -3.348693098665682637e-03 3.536528596514677547e-01 4.862354553518514422e+00 1.185629784131724818e-01 2.371259568263449705e-02
1.326249999999999929e+01 -6.290356415121260980e-01 8.667295004712535222e-01 8.735874876861622340e-01 1.185629784131724818e-01 2.371259568263449705e-02
3.102230000000000132e+01 -6.525782557612712642e-01 3.712587396808102458e-01 2.988042192777015771e+00 1.185629784131724818e-01 2.371259568263449705e-02
4.674600000000000222e+01 8.709034662169243823e-01 2.207932229495571663e-01 5.417367520446759954e+00 1.185629784131724818e-01 2.371259568263449705e-02
3.070139999999999958e+01 -2.924502617703421126e-01 4.276612792901952065e-01 2.943340057033680068e+00 1.185629784131724818e-01 2.371259568263449705e-02
2.901060000000000016e+01 1.011726879838112714e+00 6.392697841478631737e-01 2.711331871706889274e+00 1.185629784131724818e-01 2.371259568263449705e-02
3.597379999999999711e+01 -1.965422014991639599e-01 4.176511794695028090e-01 3.703827120248931237e+00 1.185629784131724818e-01 2.371259568263449705e-02
7.365500000000000114e+01 -4.271620743457535951e-01 2.647980449392437485e-01 1.049576239031424052e+01 1.185629784131724818e-01 2.371259568263449705e-02
3.611169999999999902e+01 1.219521656358873996e+00 5.087049349656759256e-01 3.724442016034529956e+00 1.185629784131724818e-01 2.371259568263449705e-02
2.647599999999999909e+01 1.141590856992356962e+00 8.696744221181448298e-01 2.374944126674257916e+00 1.185629784131724818e-01 2.371259568263449705e-02
8.475130000000000052e+01 1.199220004125712280e-01 2.314135594380263283e-01 1.287761656755242257e+01 1.185629784131724818e-01 2.371259568263449705e-02
4.010529999999999973e+01 1.110036077459492093e-01 3.809122485058084595e-01 4.336746889936222260e+00 1.185629784131724818e-01 2.371259568263449705e-02
2.322619999999999862e+01 1.068820136439490920e+00 9.234140754837208975e-01 1.964648127122330834e+00 1.185629784131724818e-01 2.371259568263449705e-02
7.739419999999999789e+01 4.680902228937480203e-01 2.127652976579640365e-01 1.128100232070977427e+01 1.185629784131724818e-01 2.371259568263449705e-02
4.239569999999999794e+01 -5.708018391758091781e-01 3.925940602466759799e-01 4.700876427051397854e+00 1.185629784131724818e-01 2.371259568263449705e-02
3.172380000000000067e+01 1.069253580739777831e+00 7.231321594512637452e-01 3.086494451024485386e+00 1.185629784131724818e-01 2.371259568263449705e-02
1.160849999999999937e+01 -8.341475532255405723e-01 9.760175733298875889e-01 7.206621006932252271e-01 1.185629784131724818e-01 2.371259568263449705e-02
1.922100000000000009e+01 3.417450478605364439e-01 9.798085427397117408e-01 1.493862417179542490e+00 1.185629784131724818e-01 2.371259568263449705e-02
4.960699999999999932e+01 -1.417220233601634502e-02 3.722498840889390537e-01 5.905695292687511255e+00 1.185629784131724818e-01 2.371259568263449705e-02
2.720789999999999864e+01 -3.357897133101113707e-01 4.988330595158024239e-01 2.470644856404526024e+00 1.185629784131724818e-01 2.371259568263449705e-02
2.611260000000000048e+01 1.111356623008987743e+00 8.823364965572175755e-01 2.327868527629142648e+00 1.185629784131724818e-01 2.371259568263449705e-02
3.827320000000000277e+01 9.599734087956813822e-01 5.118150559660544774e-01 4.052214542208204762e+00 1.185629784131724818e-01 2.371259568263449705e-02
4.192139999999999844e+01 -1.469951445072420759e-01 3.807244032880581219e-01 4.624715520992765505e+00 1.185629784131724818e-01 2.371259568263449705e-02
1.468420000000000059e+01 -8.945579451983048935e-01 9.796788384794540283e-01 1.012095186064982499e+00 1.185629784131724818e-01 2.371259568263449705e-02
2.240790000000000148e+01 -9.907361205600039300e-01 9.251201585155235385e-01 1.865232192049163018e+00 1.185629784131724818e-01 2.371259568263449705e-02
2.411270000000000024e+01 -1.027789290683526646e+00 8.464750940375818100e-01 2.074149543644288940e+00 1.185629784131724818e-01 2.371259568263449705e-02
2.351989999999999981e+01 6.553199934418789674e-01 9.428994170893584270e-01 2.000720668425977067e+00 1.185629784131724818e-01 2.371259568263449705e-02
3.969019999999999726e+01 -5.774971590641985175e-01 3.715929876896564288e-01 4.271749448214592348e+00 1.185629784131724818e-01 2.371259568263449705e-02
3.264500000000000313e+01 1.189793399926212913e+00 5.823924031245213406e-01 3.217289073773883956e+00 1.185629784131724818e-01 2.371259568263449705e-02
1.757010000000000005e+01 -5.969086616473011642e-01 8.536434055583064229e-01 1.311872034317886460e+00 1.185629784131724818e-01 2.371259568263449705e-02
3.022950000000000159e+01 -6.643295175592620616e-01 4.074860649365685261e-01 2.877988156522313545e+00 1.185629784131724818e-01 2.371259568263449705e-02
3.833579999999999899e+01 9.217046790624119357e-01 6.138231105128887366e-01 4.061836006613646077e+00 1.185629784131724818e-01 2.371259568263449705e-02
3.076920000000000144e+01 -2.510882352180316412e-01 4.385911885911886188e-01 2.952767159000778463e+00 1.185629784131724818e-01 2.371259568263449705e-02
4.165390000000000015e+01 1.946752646522964536e-01 3.537195796792137470e-01 4.581934708954989333e+00 1.185629784131724818e-01 2.371259568263449705e-02
3.710569999999999879e+01 2.393526746116837745e-02 4.007335800160083394e-01 3.874094315675492339e+00 1.185629784131724818e-01 2.371259568263449705e-02
4.112310000000000088e+01 -1.160406218373603304e-01 4.225751463289489362e-01 4.497416397532987276e+00 1.185629784131724818e-01 2.371259568263449705e-02
2.138299999999999912e+01 9.212571700162354160e-01 9.441518963662722808e-01 1.743014280161666818e+00 1.185629784131724818e-01 2.371259568263449705e-02
1.773890000000000100e+01 8.853346413007099347e-01 9.774450501440336003e-01 1.330140324230164595e+00 1.185629784131724818e-01 2.371259568263449705e-02
3.447370000000000090e+01 1.185219075997786309e+00 5.535408151721457060e-01 3.481914276423140109e+00 1.185629784131724818e-01 2.371259568263449705e-02
3.835940000000000083e+01 3.030415545541754324e-02 3.936453646303122444e-01 4.065465129310339876e+00 1.185629784131724818e-01 2.371259568263449705e-02
1.909410000000000096e+01 9.771385138232049350e-01 9.818635075756385611e-01 1.479614136808187652e+00 1.185629784131724818e-01 2.371259568263449705e-02
5.909909999999999997e+01 1.006829584934485267e+00 3.666401011182911507e-01 7.617657901581253554e+00 1.185629784131724818e-01 2.371259568263449705e-02
2.616339999999999932e+01 -1.005204375035351427e+00 7.429615416956512064e-01 2.334431535769482480e+00 1.185629784131724818e-01 2.371259568263449705e-02
4.644380000000000308e+01 -1.672139936434431651e-01 2.958737226497401007e-01 5.366568090827456672e+00 1.185629784131724818e-01 2.371259568263449705e-02
3.821779999999999688e+01 -4.023563621857352279e-01 3.976681022978821867e-01 4.043705685147855888e+00 1.185629784131724818e-01 2.371259568263449705e-02
5.144559999999999889e+01 1.082824849838490255e+00 3.907020231079043060e-01 6.226453891721732248e+00 1.185629784131724818e-01 2.371259568263449705e-02
3.878569999999999851e+01 -3.366279817160322541e-01 4.751699724382955625e-01 4.131195080924129570e+00 1.185629784131724818e-01 2.371259568263449705e-02
4.796390000000000242e+01 9.356427727747069767e-01 3.712771480217413322e-01 5.623617210416867351e+00 1.185629784131724818e-01 2.371259568263449705e-02
3.636280000000000001e+01 -7.850479942093199076e-03 3.853828638058675593e-01 3.762071510389901619e+00 1.185629784131724818e-01 2.371259568263449705e-02
3.632229999999999848e+01 9.758998589306431271e-01 6.351938065596066663e-01 3.755994204372527179e+00 1.185629784131724818e-01 2.371259568263449705e-02
4.414950000000000330e+01 3.229404517201925895e-01 3.811322891538975188e-01 4.985867916919744403e+00 1.185629784131724818e-01 2.371259568263449705e-02
3.208579999999999899e+01 1.090487311185467378e+00 6.168554313746268392e-01 3.137689164897082605e+00 1.185629784131724818e-01 2.371259568263449705e-02
2.855059999999999931e+01 -3.299175020646972767e-01 3.927202930936652958e-01 2.649251763162958184e+00 1.185629784131724818e-01 2.371259568263449705e-02
8.763429999999999609e+01 2.170178146190855917e-01 2.240127438685537709e-01 1.352140152911761106e+01 1.185629784131724818e-01 2.371259568263449705e-02
3.518200000000000216e+01 -6.061967423449187153e-01 4.498180887954066898e-01 3.586158097000264888e+00 1.185629784131724818e-01 2.371259568263449705e-02
3.947870000000000346e+01 1.000750680302295414e+00 1.729522502007411477e-01 4.238751177645070811e+00 1.185629784131724818e-01 2.371259568263449705e-02
3.272870000000000346e+01 1.196579606740375112e+00 5.294588541555269590e-01 3.229257129093454637e+00 1.185629784131724818e-01 2.371259568263449705e-02
2.193440000000000012e+01 6.699543696652952018e-01 9.321567948063316233e-01 1.808447084842455865e+00 1.185629784131724818e-01 2.371259568263449705e-02
1.727939999999999898e+01 6.945385142573925474e-01 9.929685058508977979e-01 1.280596094299681909e+00 1.185629784131724818e-01 2.371259568263449705e-02
3.257319999999999993e+01 -7.215761115623235689e-02 4.769718664423513999e-01 3.207033680779602491e+00 1.185629784131724818e-01 2.371259568263449705e-02
1.599530000000000030e+01 -9.195972106952993164e-01 6.847198864666494966e-01 1.145292682846410059e+00 1.185629784131724818e-01 2.371259568263449705e-02
3.641219999999999857e+01 1.063314590418204197e+00 6.323649765737857642e-01 3.769488499626746147e+00 1.185629784131724818e-01 2.371259568263449705e-02
2.441860000000000142e+01 7.968871068355922738e-01 9.411677983176758300e-01 2.112362494080748831e+00 1.185629784131724818e-01 2.371259568263449705e-02
1.914499999999999957e+01 8.569553409738670524e-01 9.638443457821885829e-01 1.485324060799221968e+00 1.185629784131724818e-01 2.371259568263449705e-02
2.034219999999999828e+01 9.389578013528053768e-01 9.280068035905655321e-01 1.621577757118586760e+00 1.185629784131724818e-01 2.371259568263449705e-02
3.899479999999999791e+01 -2.456493704861553717e-01 2.979115164073158906e-01 4.163556522892250200e+00 1.185629784131724818e-01 2.371259568263449705e-02
4.248239999999999839e+01 2.553834772917277784e-01 4.219747471894243485e-01 4.714840598890546630e+00 1.185629784131724818e-01 2.371259568263449705e-02
4.296690000000000254e+01 -4.979390435185680475e-01 3.809234550316639156e-01 4.793115249394091393e+00 1.185629784131724818e-01 2.371259568263449705e-02
1.957019999999999982e+01 8.433075425916786161e-01 9.703631030853032691e-01 1.533289089951267670e+00 1.185629784131724818e-01 2.371259568263449705e-02
3.847610000000000241e+01 -5.465272376120955400e-01 4.339265154212614273e-01 4.083425800614435275e+00 1.185629784131724818e-01 2.371259568263449705e-02
4.777080000000000126e+01 1.113605807761607114e+00 5.135919850620044302e-01 5.590754063857460210e+00 1.185629784131724818e-01 2.371259568263449705e-02
2.845909999999999940e+01 1.143608034837595877e+00 7.058023619861485409e-01 2.636956993473383193e+00 1.185629784131724818e-01 2.371259568263449705e-02
7.800759999999999650e+01 -2.714189831286255572e-01 2.535688830319097198e-01 1.141152997404370240e+01 1.185629784131724818e-01 2.371259568263449705e-02
1.138310000000000066e+01 -1.849139334390167144e-01 9.884214317716615295e-01 7.005386460165219376e-01 1.185629784131724818e-01 2.371259568263449705e-02
3.679279999999999973e+01 -5.019349264249266529e-01 3.770275706116414383e-01 3.826785909188359369e+00 1.185629784131724818e-01 2.371259568263449705e-02
3.750959999999999894e+01 -1.151836862358144309e-01 4.229690532556998894e-01 3.935430615696887457e+00 1.185629784131724818e-01 2.371259568263449705e-02
2.774660000000000082e+01 1.109443547064349334e+00 8.167883632589217902e-01 2.541834269967921500e+00 1.185629784131724818e-01 2.371259568263449705e-02
4.807639999999999958e+01 -9.230332409296676532e-02 3.079972710103086042e-01 5.642791266052341825e+00 1.185629784131724818e-01 2.371259568263449705e-02
1.800270000000000081e+01 -7.609709439763270300e-01 7.151094002566281693e-01 1.358846765572536697e+00 1.185629784131724818e-01 2.371259568263449705e-02
2.147200000000000131e+01 -5.113971148932877631e-01 7.079918032786884918e-01 1.753524648938331154e+00 1.185629784131724818e-01 2.371259568263449705e-02
2.318669999999999831e+01 1.079032836744941326e+00 8.454545062471159333e-01 1.959812346109430337e+00 1.185629784131724818e-01 2.371259568263449705e-02
1.888419999999999987e+01 1.062171937045344405e+00 7.693680431259994901e-01 1.456140212686428015e+00 1.185629784131724818e-01 2.371259568263449705e-02
3.079589999999999961e+01 1.038862472778641965e+00 7.660532733253452298e-01 2.956482192941052745e+00 1.185629784131724818e-01 2.371259568263449705e-02
1.641850000000000165e+01 -4.972070249732479796e-01 8.605536437555195706e-01 1.189364607245174454e+00 1.185629784131724818e-01 2.371259568263449705e-02
1.838650000000000162e+01 -8.466333759373499968e-01 7.056155331357245597e-01 1.400950284230546572e+00 1.185629784131724818e-01 2.371259568263449705e-02
1.840080000000000027e+01 -6.464761378354921817e-01 7.722544671970784647e-01 1.402526728424135172e+00 1.185629784131724818e-01 2.371259568263449705e-02
1.787979999999999947e+01 -4.816742951848136389e-01 7.744773431470151070e-01 1.345449192289599694e+00 1.185629784131724818e-01 2.371259568263449705e-02
2.350959999999999894e+01 1.061218681289797239e+00 7.639134651376459084e-01 1.999452149106026866e+00 1.185629784131724818e-01 2.371259568263449705e-02
3.577279999999999660e+01 1.034351671127949235e+00 6.163817201896414355e-01 3.673843747584101038e+00 1.185629784131724818e-01 2.371259568263449705e-02
2.573000000000000043e+01 1.029002080267402253e+00 7.690594636610960100e-01 2.278625334378148182e+00 1.185629784131724818e-01 2.371259568263449705e-02
1.978800000000000026e+01 8.058500563302227748e-01 9.351980998585001092e-01 1.558041327297651435e+00 1.185629784131724818e-01 2.371259568263449705e-02
3.726610000000000156e+01 5.254004593402252649e-02 4.256791024550462543e-01 3.898416428880722151e+00 1.185629784131724818e-01 2.371259568263449705e-02
1.736990000000000123e+01 -9.028468501540402036e-01 7.174134566117248424e-01 1.290307666340581250e+00 1.185629784131724818e-01 2.371259568263449705e-02
3.162310000000000088e+01 1.164257657519719436e+00 5.625539558107838234e-01 3.072300276582737411e+00 1.185629784131724818e-01 2.371259568263449705e-02
2.433350000000000080e+01 -9.321594839591422765e-01 8.834816199889041766e-01 2.101709962157748635e+00 1.185629784131724818e-01 2.371259568263449705e-02
4.495660000000000167e+01 6.614662472213195255e-01 2.587784663430953702e-01 5.118784498450409615e+00 1.185629784131724818e-01 2.371259568263449705e-02
1.827250000000000085e+01 -7.060720151205620576e-01 9.849226980435079604e-01 1.388402582766055104e+00 1.185629784131724818e-01 2.371259568263449705e-02
2.331769999999999854e+01 6.738186856617675025e-01 9.420697581665430365e-01 1.975864274718183822e+00 1.185629784131724818e-01 2.371259568263449705e-02
2.088489999999999824e+01 6.093425094100337613e-01 9.717307719931626009e-01 1.684556962740131780e+00 1.185629784131724818e-01 2.371259568263449705e-02
2.708990000000000009e+01 -8.893261322580106043e-01 6.142436849157804080e-01 2.455135777159412669e+00 1.185629784131724818e-01 2.371259568263449705e-02
4.604110000000000014e+01 -6.095435867158239818e-01 3.636598604290514625e-01 5.299109813555844539e+00 1.185629784131724818e-01 2.371259568263449705e-02
7.253690000000000282e+01 1.203905496799930752e+00 8.231989511545158289e-02 1.026448527010271050e+01 1.185629784131724818e-01 2.371259568263449705e-02
2.011929999999999907e+01 8.931245514403679531e-01 9.276764102130791168e-01 1.595928255262627715e+00 1.185629784131724818e-01 2.371259568263449705e-02
1.971320000000000050e+01 7.649214922264242489e-01 9.425816204370675022e-01 1.549526643808782467e+00 1.185629784131724818e-01 2.371259568263449705e-02
3.984420000000000073e+01 -2.679779622709062004e-01 4.198176899021689445e-01 4.295827137110620697e+00 1.185629784131724818e-01 2.371259568263449705e-02
4.135510000000000019e+01 -3.832294551507136049e-01 4.044192856503792122e-01 4.534296393859122531e+00 1.185629784131724818e-01 2.371259568263449705e-02
2.022820000000000107e+01 8.938443977177672473e-01 9.654788859117470201e-01 1.608443653966375564e+00 1.185629784131724818e-01 2.371259568263449705e-02
3.344599999999999795e+01 1.120327102849161260e+00 6.585241882437361527e-01 3.332391198906393015e+00 1.185629784131724818e-01 2.371259568263449705e-02
1.898059999999999903e+01 9.584248293961751264e-01 9.380999546905789410e-01 1.466906482090095665e+00 1.185629784131724818e-01 2.371259568263449705e-02
1.265230000000000032e+01 -6.448129301929643731e-01 9.553124728310267155e-01 8.161123034058306303e-01 1.185629784131724818e-01 2.371259568263449705e-02
1.370829999999999949e+01 -9.747023290480424373e-01 9.594989896631967996e-01 9.163364760426588873e-01 1.185629784131724818e-01 2.371259568263449705e-02
3.141870000000000118e+01 -1.217258689147387163e-01 5.222112945475146928e-01 3.043552210420365611e+00 1.185629784131724818e-01 2.371259568263449705e-02
3.711950000000000216e+01 -3.023923405287594068e-01 2.893411818585918116e-01 3.876184985514782966e+00 1.185629784131724818e-01 2.371259568263449705e-02
2.899970000000000070e+01 1.001344230411601366e+00 6.694414080145656420e-01 2.709855643860507257e+00 1.185629784131724818e-01 2.371259568263449705e-02
2.844879999999999853e+01 -7.128255396254982168e-01 4.450451337139000874e-01 2.635574113287312059e+00 1.185629784131724818e-01 2.371259568263449705e-02
1.439530000000000065e+01 -9.462303104006907217e-01 7.302313949691913164e-01 9.834403875177919474e-01 1.185629784131724818e-01 2.371259568263449705e-02
3.141720000000000113e+01 -3.689592565061143858e-01 4.840692359599200190e-01 3.043341554519599867e+00 1.185629784131724818e-01 2.371259568263449705e-02
2.489099999999999824e+01 7.492507471855749390e-01 9.391627495882046706e-01 2.171800630366576002e+00 1.185629784131724818e-01 2.371259568263449705e-02
5.394709999999999894e+01 1.133586805855541169e+00 1.494931145511065318e-01 6.671366474845882522e+00 1.185629784131724818e-01 2.371259568263449705e-02
4.424719999999999942e+01 -1.213405913827387758e-02 4.021859010287656688e-01 5.001898862663196610e+00 1.185629784131724818e-01 2.371259568263449705e-02
2.825509999999999877e+01 -4.612076660101850911e-01 4.624899575651829631e-01 2.609610241002187081e+00 1.185629784131724818e-01 2.371259568263449705e-02
2.392010000000000147e+01 -5.438435721242034226e-01 7.275345838855188374e-01 2.050202043778952543e+00 1.185629784131724818e-01 2.371259568263449705e-02
3.343540000000000134e+01 -5.807499338210709849e-01 3.920664924002703611e-01 3.330859731766651066e+00 1.185629784131724818e-01 2.371259568263449705e-02
4.131770000000000209e+01 -5.061475684527201313e-01 3.993349097360211486e-01 4.528344677156709963e+00 1.185629784131724818e-01 2.371259568263449705e-02
4.670109999999999673e+01 -2.779208150934263100e-01 2.743939650243784611e-01 5.409810344861256226e+00 1.185629784131724818e-01 2.371259568263449705e-02
4.459420000000000073e+01 1.998566104566893986e-01 3.639083109462665777e-01 5.058966661751625793e+00 1.185629784131724818e-01 2.371259568263449705e-02
2.706569999999999965e+01 -4.946953318234109664e-01 5.464813398508074904e-01 2.451958878058036362e+00 1.185629784131724818e-01 2.371259568263449705e-02
2.542330000000000112e+01 1.104094293263167881e+00 8.989076949097875024e-01 2.239389419689928218e+00 1.185629784131724818e-01 2.371259568263449705e-02
3.675919999999999987e+01 6.949049556701181185e-02 4.730842891031361019e-01 3.821716679503410319e+00 1.185629784131724818e-01 2.371259568263449705e-02
1.000340000000000060e+02 -1.116654687167050047e-01 2.324619629326029058e-01 1.640169800180612469e+01 1.185629784131724818e-01 2.371259568263449705e-02
3.180180000000000007e+01 1.168739018431463883e+00 6.656730122194340904e-01 3.097503029834427934e+00 1.185629784131724818e-01 2.371259568263449705e-02
3.227810000000000201e+01 1.050824264814771425e+00 3.777081054956766271e-01 3.164991739712320395e+00 1.185629784131724818e-01 2.371259568263449705e-02
7.457559999999999434e+01 3.699198616660595573e-02 2.701299084419032659e-01 1.068741337229349142e+01 1.185629784131724818e-01 2.371259568263449705e-02
3.455639999999999645e+01 1.097028125044625213e+00 6.493182160178722073e-01 3.494035784236189102e+00 1.185629784131724818e-01 2.371259568263449705e-02
3.507529999999999859e+01 9.126327675724573707e-01 3.599399007278626383e-01 3.570392886371266172e+00 1.185629784131724818e-01 2.371259568263449705e-02
2.933869999999999933e+01 -5.717274851572688998e-01 3.882005678506545987e-01 2.755885253379567246e+00 1.185629784131724818e-01 2.371259568263449705e-02
3.477009999999999934e+01 1.206296847623385737e+00 5.469181854524434172e-01 3.525419371072814556e+00 1.185629784131724818e-01 2.371259568263449705e-02
1.246910000000000025e+02 1.532038030464334843e+00 2.816289868555068021e-01 2.263154986184133577e+01 1.185629784131724818e-01 2.371259568263449705e-02
1.846999999999999886e+01 5.535905679417302272e-01 9.839306984298864522e-01 1.410163185169402311e+00 1.185629784131724818e-01 2.371259568263449705e-02
3.671829999999999927e+01 -2.541424657240501372e-01 4.495033811478200136e-01 3.815548948827412801e+00 1.185629784131724818e-01 2.371259568263449705e-02
1.874269999999999925e+01 8.977969276915734875e-01 9.991890175908486604e-01 1.440381826944410193e+00 1.185629784131724818e-01 2.371259568263449705e-02
1.928040000000000020e+01 5.388212211845857524e-01 9.609551669052508460e-01 1.500546416982110998e+00 1.185629784131724818e-01 2.371259568263449705e-02
1.947180000000000177e+01 8.602930772316529362e-01 9.346131328382583092e-01 1.522146826385053942e+00 1.185629784131724818e-01 2.371259568263449705e-02
2.062450000000000117e+01 -6.368846404957658747e-01 7.441344032582607460e-01 1.654244769341623567e+00 1.185629784131724818e-01 2.371259568263449705e-02
1.957270000000000110e+01 8.848395272439602000e-01 9.696618248887479696e-01 1.533572505433241417e+00 1.185629784131724818e-01 2.371259568263449705e-02
4.361699999999999733e+01 7.390768554460485085e-01 2.264114909324345948e-01 4.898779213754579587e+00 1.185629784131724818e-01 2.371259568263449705e-02
5.602349999999999852e+01 9.280377189694059004e-01 4.077806634715789302e-01 7.047964290745554194e+00 1.185629784131724818e-01 2.371259568263449705e-02
4.333939999999999770e+01 1.169695053435297061e-01 3.928180823915421449e-01 4.853570746709820583e+00 1.185629784131724818e-01 2.371259568263449705e-02
6.741389999999999816e+01 1.174946108475784401e+00 1.314826764213314902e-01 9.226050424113736881e+00 1.185629784131724818e-01 2.371259568263449705e-02
2.921420000000000172e+01 1.043688367713158982e+00 7.811372551704307554e-01 2.738952380189090263e+00 1.185629784131724818e-01 2.371259568263449705e-02
4.143439999999999657e+01 1.000464267305953003e-01 4.402863321298244870e-01 4.546924078931411373e+00 1.185629784131724818e-01 2.371259568263449705e-02
3.310750000000000171e+01 -3.213141266701878829e-01 3.979037982330287382e-01 3.283594650839560813e+00 1.185629784131724818e-01 2.371259568263449705e-02
1.416510000000000069e+01 -8.384912492599337908e-01 9.316489117620064819e-01 9.607915271859006623e-01 1.185629784131724818e-01 2.371259568263449705e-02
2.755519999999999925e+01 1.163742630225823360e+00 8.283373011264661967e-01 2.516468274177583453e+00 1.185629784131724818e-01 2.371259568263449705e-02
3.110869999999999891e+01 1.066735795350928884e+00 6.228321980667786972e-01 3.000113941713394183e+00 1.185629784131724818e-01 2.371259568263449705e-02
6.924729999999999563e+01 -1.729559335834789102e-02 3.055281577765486811e-01 9.593630728329543444e+00 1.185629784131724818e-01 2.371259568263449705e-02
2.217299999999999827e+01 -9.086989181478618560e-01 9.548053939475940055e-01 1.836993056993129869e+00 1.185629784131724818e-01 2.371259568263449705e-02
4.701509999999999678e+01 -5.359294492301055479e-01 2.903939372669632202e-01 5.462729735290182020e+00 1.185629784131724818e-01 2.371259568263449705e-02
4.767909999999999826e+01 1.948832660748492929e-01 3.561308833430161247e-01 5.575169196141587236e+00 1.185629784131724818e-01 2.371259568263449705e-02
4.093379999999999797e+01 9.634600946194682436e-01 2.514523450058386844e-01 4.467394548748956140e+00 1.185629784131724818e-01 2.371259568263449705e-02
3.842900000000000205e+01 -3.042847780517729181e-02 3.799500377319212086e-01 4.076173896735014068e+00 1.185629784131724818e-01 2.371259568263449705e-02
3.662180000000000035e+01 1.825149483420046792e+00 1.881545964425560546e-01 3.801009133216240343e+00 1.185629784131724818e-01 2.371259568263449705e-02
3.218869999999999720e+01 1.019448637493636900e+00 6.863806242563383897e-01 3.152289587006123384e+00 1.185629784131724818e-01 2.371259568263449705e-02
1.987730000000000175e+01 7.617827989186288784e-01 9.464162637782796983e-01 1.568225595541839823e+00 1.185629784131724818e-01 2.371259568263449705e-02
1.823629999999999995e+01 7.602067905960387950e-01 9.979984975022345717e-01 1.384425493102838800e+00 1.185629784131724818e-01 2.371259568263449705e-02
4.532869999999999777e+01 9.392546017967801086e-01 4.391632674221850885e-01 5.180433513993165207e+00 1.185629784131724818e-01 2.371259568263449705e-02
5.834049999999999869e+01 9.287987193010360798e-01 7.214165116857071958e-01 7.475843023116524932e+00 1.185629784131724818e-01 2.371259568263449705e-02
2.654210000000000136e+01 1.089710871288934513e+00 6.893011479875367220e-01 2.383538477250560561e+00 1.185629784131724818e-01 2.371259568263449705e-02
3.066489999999999938e+01 -4.573687423402780228e-01 3.943205423790718256e-01 2.938268907211572412e+00 1.185629784131724818e-01 2.371259568263449705e-02
4.635730000000000217e+01 9.542738740193106306e-01 4.566810405265190331e-01 5.352055363204712535e+00 1.185629784131724818e-01 2.371259568263449705e-02
5.989800000000000324e+01 9.275423014003265632e-01 7.213880263113959801e-01 7.767915984431482457e+00 1.185629784131724818e-01 2.371259568263449705e-02
1.668850000000000122e+01 5.832067113931460600e-01 9.867333792731519670e-01 1.217751124291481801e+00 1.185629784131724818e-01 2.371259568263449705e-02
3.908449999999999847e+01 -4.605086331216902140e-01 4.428302779874375150e-01 4.177463292652674909e+00 1.185629784131724818e-01 2.371259568263449705e-02
4.212420000000000186e+01 6.346706946923991177e-01 3.731513002027337933e-01 4.657232270401436836e+00 1.185629784131724818e-01 2.371259568263449705e-02
3.311189999999999856e+01 1.833276551916189989e+00 2.291242725424998405e-01 3.284227484271866615e+00 1.185629784131724818e-01 2.371259568263449705e-02
6.090540000000000020e+01 1.038787013409754323e+00 4.587475002216552245e-01 7.958709164227272481e+00 1.185629784131724818e-01 2.371259568263449705e-02
3.134319999999999951e+01 1.179927901915392763e+00 6.479746803134331934e-01 3.032954872624358700e+00 1.185629784131724818e-01 2.371259568263449705e-02
6.758650000000000091e+01 -4.012773228606911768e-01 3.176729080511641046e-01 9.260460296302142069e+00 1.185629784131724818e-01 2.371259568263449705e-02
3.667210000000000036e+01 5.414173875054746621e-02 3.666138563103830683e-01 3.808585742064309443e+00 1.185629784131724818e-01 2.371259568263449705e-02
3.573179999999999978e+01 1.162851053790608047e+00 3.785703491008009514e-01 3.667737140477385083e+00 1.185629784131724818e-01 2.371259568263449705e-02
3.069350000000000023e+01 1.045960258741038151e+00 4.310619512274586063e-01 2.942242233400662599e+00 1.185629784131724818e-01 2.371259568263449705e-02
4.084839999999999804e+01 1.937388157953479767e-02 3.506306244553030194e-01 4.453871348567560062e+00 1.185629784131724818e-01 2.371259568263449705e-02
1.987999999999999901e+01 -6.045355634230407116e-01 7.499597585513079201e-01 1.568533840317790862e+00 1.185629784131724818e-01 2.371259568263449705e-02
3.592020000000000124e+01 1.206156384915453961e+00 7.041998652568749462e-01 3.695824072721705988e+00 1.185629784131724818e-01 2.371259568263449705e-02
3.606969999999999743e+01 -1.820078170503173220e-01 3.322594864942043369e-01 3.718159562496339277e+00 1.185629784131724818e-01 2.371259568263449705e-02
4.249989999999999668e+01 2.345603058932702878e-01 3.924926882180899690e-01 4.717660784921534400e+00 1.185629784131724818e-01 2.371259568263449705e-02
4.893110000000000070e+01 -3.727335098794425927e-01 3.125926047033482091e-01 5.789133343960457978e+00 1.185629784131724818e-01 2.371259568263449705e-02
2.634600000000000009e+01 -4.268544374417505560e-01 5.490624762772337020e-01 2.358069817590703110e+00 1.185629784131724818e-01 2.371259568263449705e-02
4.523890000000000100e+01 -6.898427691111674864e-02 3.979760781097683719e-01 5.165534284226055206e+00 1.185629784131724818e-01 2.371259568263449705e-02
1.674249999999999972e+01 6.097043027690952632e-01 9.783843512020308220e-01 1.223453351422016055e+00 1.185629784131724818e-01 2.371259568263449705e-02
2.223069999999999879e+01 -7.141097845083443918e-01 6.137503542398575762e-01 1.843917161031555452e+00 1.185629784131724818e-01 2.371259568263449705e-02
4.541610000000000014e+01 2.325285477713948112e-01 3.997437032241870636e-01 5.194947529470553604e+00 1.185629784131724818e-01 2.371259568263449705e-02
1.827850000000000108e+01 5.939215330876198573e-01 9.751128374866645521e-01 1.389062111805728250e+00 1.185629784131724818e-01 2.371259568263449705e-02
9.571269999999999811e+01 1.481151568021232157e+00 3.281821534655275929e-01 1.537779977378116314e+01 1.185629784131724818e-01 2.371259568263449705e-02
6.729980000000000473e+01 1.048535023129749222e+00 4.842272933946311642e-01 9.203325574452463798e+00 1.185629784131724818e-01 2.371259568263449705e-02
2.172319999999999851e+01 1.029562329361247253e+00 7.228815275834131748e-01 1.783295885732279373e+00 1.185629784131724818e-01 2.371259568263449705e-02
3.907399999999999807e+01 -1.240658139766974977e-01 4.380457593284536877e-01 4.175834656459684879e+00 1.185629784131724818e-01 2.371259568263449705e-02
2.201460000000000150e+01 1.021334039775128266e+00 5.440707530457059571e-01 1.818026605778129579e+00 1.185629784131724818e-01 2.371259568263449705e-02
1.667980000000000018e+01 -5.236568289958107858e-01 8.056811232748593010e-01 1.216833207034326847e+00 1.185629784131724818e-01 2.371259568263449705e-02
6.756820000000000448e+01 -4.903204192208977519e-01 2.511580891602854804e-01 9.256810044868359455e+00 1.185629784131724818e-01 2.371259568263449705e-02
2.676920000000000144e+01 1.023959927171131712e+00 8.739409470585598472e-01 2.413139949900674708e+00 1.185629784131724818e-01 2.371259568263449705e-02
4.264240000000000208e+01 -1.133981773336241450e-01 3.489203234339530169e-01 4.740644911960146146e+00 1.185629784131724818e-01 2.371259568263449705e-02
2.925430000000000064e+01 -4.264171556038634514e-01 4.847492505375277649e-01 2.744402693848883246e+00 1.185629784131724818e-01 2.371259568263449705e-02
4.059080000000000155e+01 -1.490898380873836027e-01 4.051484572858874422e-01 4.413158308198205759e+00 1.185629784131724818e-01 2.371259568263449705e-02
1.901920000000000144e+01 9.465760507745828445e-01 9.466591654748884865e-01 1.471224374194584072e+00 1.185629784131724818e-01 2.371259568263449705e-02
4.331860000000000355e+01 1.755263089320110714e-01 3.757946932726357603e-01 4.850188689361715433e+00 1.185629784131724818e-01 2.371259568263449705e-02
4.463779999999999859e+01 2.788348209894020435e-02 4.122044545206080546e-01 5.066151555688250596e+00 1.185629784131724818e-01 2.371259568263449705e-02
2.678879999999999839e+01 7.593641100122192622e-01 9.381756554978200047e-01 2.415700073002540194e+00 1.185629784131724818e-01 2.371259568263449705e-02
1.644640000000000057e+01 6.712719135242024571e-01 9.768946395563771201e-01 1.192288227748008467e+00 1.185629784131724818e-01 2.371259568263449705e-02
1.935069999999999979e+01 -7.792958203757370805e-01 8.541913212441927250e-01 1.508468936404717908e+00 1.185629784131724818e-01 2.371259568263449705e-02
4.143149999999999977e+01 -1.136598939645119266e-01 3.846710835958147556e-01 4.546462089953877239e+00 1.185629784131724818e-01 2.371259568263449705e-02
4.643889999999999674e+01 8.625717744802077411e-03 2.562033123092924414e-01 5.365745651454901122e+00 1.185629784131724818e-01 2.371259568263449705e-02
1.836329999999999885e+01 6.393519965305463071e-01 9.698638044360218258e-01 1.398393870529176297e+00 1.185629784131724818e-01 2.371259568263449705e-02
4.391669999999999874e+01 1.131669981196863795e+00 1.564716838924600506e-01 4.947734732266965807e+00 1.185629784131724818e-01 2.371259568263449705e-02
4.401279999999999859e+01 6.266759688686713847e-01 3.034049185691435335e-01 4.963464956068889933e+00 1.185629784131724818e-01 2.371259568263449705e-02
5.928450000000000131e+01 1.189961689811384726e+00 3.763951791783686773e-01 7.652445255257177337e+00 1.185629784131724818e-01 2.371259568263449705e-02
3.939779999999999660e+01 8.474776468318454548e-01 3.950119042180020301e-01 4.226150442335651292e+00 1.185629784131724818e-01 2.371259568263449705e-02
2.158770000000000167e+01 -1.006273748829382475e+00 9.723175697272057327e-01 1.767217542316636525e+00 1.185629784131724818e-01 2.371259568263449705e-02
1.963319999999999865e+01 5.566293050122157471e-01 9.801968094859727643e-01 1.540436131803808451e+00 1.185629784131724818e-01 2.371259568263449705e-02
2.036479999999999890e+01 -9.015224106184811514e-01 9.080423082966688764e-01 1.624185485590977862e+00 1.185629784131724818e-01 2.371259568263449705e-02
3.056409999999999982e+01 -2.745375886111415809e-01 5.246089366282664646e-01 2.924278437638456296e+00 1.185629784131724818e-01 2.371259568263449705e-02
3.830319999999999681e+01 9.477502591400943643e-01 5.431948244533094661e-01 4.056824572566227971e+00 1.185629784131724818e-01 2.371259568263449705e-02
1.649139999999999873e+01 -6.964065613299065260e-01 8.294323101737876014e-01 1.197008442822927066e+00 1.185629784131724818e-01 2.371259568263449705e-02
1.155510000000000019e+02 -7.101251739378201810e-02 2.382316033612863482e-01 2.024760932658003298e+01 1.185629784131724818e-01 2.371259568263449705e-02
2.254139999999999944e+01 5.781473422681422392e-01 9.416451507004888200e-01 1.881341024442569676e+00 1.185629784131724818e-01 2.371259568263449705e-02
1.922629999999999839e+01 9.833501991548618815e-01 9.513738992941960237e-01 1.494458423379946055e+00 1.185629784131724818e-01 2.371259568263449705e-02
1.989399999999999835e+01 9.334300867899807397e-01 9.367045340303609136e-01 1.570132449135407171e+00 1.185629784131724818e-01 2.371259568263449705e-02
3.269389999999999930e+01 1.833053355407365359e+00 2.037603344966492092e-01 3.224279471055183421e+00 1.185629784131724818e-01 2.371259568263449705e-02
7.044670000000000698e+01 9.150524718260233392e-01 2.575919099120327349e-01 9.836555274888553413e+00 1.185629784131724818e-01 2.371259568263449705e-02
2.401160000000000139e+01 1.023552862797005636e+00 6.904912625564310069e-01 2.061568143682706022e+00 1.185629784131724818e-01 2.371259568263449705e-02
