-3.390132987726099145e+01 -1.554297361889069862e-01 1.353435915800957901e-01 -9.668501846023243029e-01 -1.639548715215410901e-02 1.483158109747328979e-02 -3.486818006186331331e+01 -1.575423992478448554e-01 1.447548250421490934e-01 0.000000000000000000e+00 0.000000000000000000e+00 0.000000000000000000e+00 0.000000000000000000e+00 0.000000000000000000e+00 0.000000000000000000e+00
-3.242209206759098095e+01 -7.608138901152017297e-02 6.856184777770835126e-02 -8.859314757927531758e+00 -2.067974309061497706e-01 2.115481789718618444e-01 -4.128140682551851626e+01 -2.588411292479904091e-01 2.447071662122652924e-01 0.000000000000000000e+00 0.000000000000000000e+00 0.000000000000000000e+00 0.000000000000000000e+00 0.000000000000000000e+00 0.000000000000000000e+00
-3.247923602146600075e+01 -6.902519137946683259e-02 6.906888527142740486e-02 -1.190335438985740879e+01 -1.785236759498260994e-01 1.947193853122080043e-01 -4.438259041132340599e+01 -2.226205242149887908e-01 2.287068892848438395e-01 0.000000000000000000e+00 0.000000000000000000e+00 0.000000000000000000e+00 0.000000000000000000e+00 0.000000000000000000e+00 0.000000000000000000e+00
-3.223573000510371855e+01 -5.006855086009665001e-02 4.900510860230156140e-02 -3.484946108524633956e+01 -4.683181227434118910e-01 5.024305679252236700e-01 -6.708519109035006522e+01 -4.720430489674640739e-01 4.868139761490510864e-01 0.000000000000000000e+00 0.000000000000000000e+00 0.000000000000000000e+00 0.000000000000000000e+00 0.000000000000000000e+00 0.000000000000000000e+00
-3.260862832440945880e+01 -6.322782391818293490e-02 5.937178085190453203e-02 -7.060009370324775091e+01 -1.050329809619185539e+00 1.225413350570576654e+00 -1.032087220276572168e+02 -1.046522950213102376e+00 1.216253600895186082e+00 0.000000000000000000e+00 0.000000000000000000e+00 0.000000000000000000e+00 0.000000000000000000e+00 0.000000000000000000e+00 0.000000000000000000e+00
-3.277281298211911320e+01 -6.638517187646897355e-02 5.513087778662395522e-02 -8.022751289020905574e+01 -1.035842648742317351e+00 1.316972154747801937e+00 -1.130003258723281760e+02 -1.090579447413503544e+00 1.296198941865867482e+00 0.000000000000000000e+00 0.000000000000000000e+00 0.000000000000000000e+00 0.000000000000000000e+00 0.000000000000000000e+00 0.000000000000000000e+00
-3.230432393904678889e+01 -9.803912533142522534e-02 8.572127357439285333e-02 -1.071442870163223260e+00 -2.027132401552633745e-02 2.058304007054156948e-02 -3.337576680921001326e+01 -1.045209149393002690e-01 8.833083407820652155e-02 0.000000000000000000e+00 0.000000000000000000e+00 0.000000000000000000e+00 0.000000000000000000e+00 0.000000000000000000e+00 0.000000000000000000e+00
-3.268407744562483686e+01 -7.880727834466938475e-02 8.066085867336170168e-02 -1.292718736556267167e+01 -3.330383191448955671e-01 3.753471455072023844e-01 -4.561126481118751030e+01 -3.765403434191512133e-01 4.153357619551911739e-01 0.000000000000000000e+00 0.000000000000000000e+00 0.000000000000000000e+00 0.000000000000000000e+00 0.000000000000000000e+00 0.000000000000000000e+00
-3.287289791237196823e+01 -6.832329617740384720e-02 6.983261633141779612e-02 -1.761924293080483750e+01 -3.337777398100136850e-01 3.517046723975845168e-01 -5.049214084317680573e+01 -3.554920592408805646e-01 3.755803604969472076e-01 0.000000000000000000e+00 0.000000000000000000e+00 0.000000000000000000e+00 0.000000000000000000e+00 0.000000000000000000e+00 0.000000000000000000e+00
-3.382371569058191341e+01 -1.654534895400345818e-01 1.426533580543818402e-01 -1.308334913625467610e+00 -5.382284768499978611e-02 5.763860629133166213e-02 -3.513205060420737880e+01 -1.672133950862644269e-01 1.783878138330194929e-01 0.000000000000000000e+00 0.000000000000000000e+00 0.000000000000000000e+00 0.000000000000000000e+00 0.000000000000000000e+00 0.000000000000000000e+00
-3.280701403610937916e+01 -1.020695848796577820e-01 1.054913908709522730e-01 -2.714066507499863690e+01 -9.098076011368405602e-01 8.733763573344432984e-01 -5.994767911110801606e+01 -9.654713954335036874e-01 9.328274158218334833e-01 0.000000000000000000e+00 0.000000000000000000e+00 0.000000000000000000e+00 0.000000000000000000e+00 0.000000000000000000e+00 0.000000000000000000e+00
-3.264662088770616322e+01 -7.629237980028591437e-02 7.594393866900617240e-02 -2.789641614950645732e+01 -5.817626921964311748e-01 6.080115515284418848e-01 -6.054303703721262053e+01 -6.065127389496396404e-01 6.348611464296425311e-01 0.000000000000000000e+00 0.000000000000000000e+00 0.000000000000000000e+00 0.000000000000000000e+00 0.000000000000000000e+00 0.000000000000000000e+00
-3.243929589454492657e+01 -6.169270855025388300e-02 6.111280024802567823e-02 -6.410824675905114134e+01 -9.744416108449200919e-01 1.080233805983667139e+00 -9.654754265359606791e+01 -1.022293424354742797e+00 1.082598057115845336e+00 0.000000000000000000e+00 0.000000000000000000e+00 0.000000000000000000e+00 0.000000000000000000e+00 0.000000000000000000e+00 0.000000000000000000e+00
-3.298485114594983258e+01 -9.726592515963972119e-02 9.584936037038715995e-02 -1.119162009750977944e+02 -2.805920847483847069e+00 2.826700548982387318e+00 -1.449010521210476270e+02 -2.831950592135427769e+00 2.901177620550129177e+00 0.000000000000000000e+00 0.000000000000000000e+00 0.000000000000000000e+00 0.000000000000000000e+00 0.000000000000000000e+00 0.000000000000000000e+00
-3.308891158833074542e+01 -9.612601568271372798e-02 9.158618283304065244e-02 -1.217851009987473674e+02 -2.830676472516103104e+00 2.796208619763802972e+00 -1.548740125870781128e+02 -2.899985840360159273e+00 2.864039737690092124e+00 0.000000000000000000e+00 0.000000000000000000e+00 0.000000000000000000e+00 0.000000000000000000e+00 0.000000000000000000e+00 0.000000000000000000e+00
-3.245776248112911588e+01 -1.002465833256920291e-01 7.827836884712269239e-02 -8.175313847620852670e+00 -2.095287833720220760e-01 2.136540848184500518e-01 -4.063307632874996500e+01 -2.617473682311981520e-01 2.313497067526171236e-01 0.000000000000000000e+00 0.000000000000000000e+00 0.000000000000000000e+00 0.000000000000000000e+00 0.000000000000000000e+00 0.000000000000000000e+00
-3.320094134715316869e+01 -1.235581661099516282e-01 1.213176680168714938e-01 -3.848201711287237003e+01 -1.479361957707411079e+00 1.438680304104700269e+00 -7.168295846002553162e+01 -1.514595528106823963e+00 1.512717261869781282e+00 0.000000000000000000e+00 0.000000000000000000e+00 0.000000000000000000e+00 0.000000000000000000e+00 0.000000000000000000e+00 0.000000000000000000e+00
-3.322344790304641293e+01 -1.107248554835607024e-01 1.113458050663993504e-01 -4.310383396458068006e+01 -1.267030297407757189e+00 1.291182604875160678e+00 -7.632728186762709299e+01 -1.337803407064882322e+00 1.354293718845227090e+00 0.000000000000000000e+00 0.000000000000000000e+00 0.000000000000000000e+00 0.000000000000000000e+00 0.000000000000000000e+00 0.000000000000000000e+00
