-1.003337123558427990e+01 -4.017862245570213986e-02 4.605775418874280547e-02 -1.067180309904250057e+00 -2.025586831402681476e-02 2.061409770634559102e-02 -2.633831393132548726e+01 -9.726224295347662974e-02 8.841664260744508397e-02 -1.972466679542835832e+00 -5.222511702401022582e-02 5.322444708280538173e-02 -3.941133215635685616e+01 -1.389416001995371630e-01 1.648285443245640636e-01
-9.589553053107584546e+00 -2.757768015704264997e-02 2.812235970916532324e-02 -4.423545859312885575e+00 -6.593170117468805103e-02 7.147948671831194645e-02 -2.302325758221067531e+01 -4.636068546613358876e-02 3.951309538663494436e-02 -1.038971357271308804e+01 -1.638528586050629343e-01 1.776669976603564294e-01 -4.742607006734423436e+01 -2.562563495841274630e-01 2.664827433933396605e-01
-9.622501484094279078e+00 -2.893980675501950373e-02 2.495780313964779396e-02 -5.384809279824302131e+00 -5.994431316777593111e-02 6.772598765356363515e-02 -2.289605793256759725e+01 -4.027446179718907615e-02 3.478282176967084638e-02 -1.277659125542021989e+01 -1.487170066373497690e-01 1.680388882148307061e-01 -5.067995995190639746e+01 -2.205705779541204947e-01 2.356721145075297841e-01
-9.519694463418693076e+00 -2.047385558455161458e-02 2.523461266569526629e-02 -1.482852532335969009e+01 -1.496431146689438663e-01 1.486435806939905291e-01 -2.303474740057140835e+01 -3.444390200686342496e-02 3.502435692764294117e-02 -3.612356548342879137e+01 -3.692457736176280036e-01 3.667918327994641459e-01 -8.350653267077859709e+01 -5.301817450786927566e-01 5.038330105424080330e-01
-9.767268426397388126e+00 -2.474783915934075651e-02 2.233831467739655352e-02 -2.482086454080678806e+01 -2.835768784536831788e-01 3.501999702662992320e-01 -2.278487656314157306e+01 -4.152116206157074885e-02 3.883172740436435788e-02 -6.076018688333248718e+01 -6.987534851174714845e-01 8.629412490765560051e-01 -1.181331964136782346e+02 -1.017550415459822943e+00 1.226353006410079161e+00
-9.826931919657496906e+00 -2.320486722272541158e-02 2.135200965231476289e-02 -2.782577441585944911e+01 -3.084300037565803621e-01 3.681465755812567409e-01 -2.284268757005071393e+01 -4.292028654078450245e-02 3.657639343921204045e-02 -6.816369044532767418e+01 -7.598166540653323864e-01 9.069497923803737649e-01 -1.286590843508953412e+02 -1.112652777673304172e+00 1.291893956776135610e+00
-9.550873882467115550e+00 -3.358844574966468599e-02 3.809331221555822822e-02 -9.879035266091422685e-01 -1.371213547739991157e-02 1.483418427064953082e-02 -2.329777853669012444e+01 -5.781569225455385208e-02 5.737141213411334206e-02 -1.767302433230662162e+00 -3.558414586761915466e-02 3.854856581182608544e-02 -3.560385837899704597e+01 -8.234906473029468543e-02 9.169162857534018940e-02
-9.771621774175011765e+00 -2.941445624443694840e-02 3.320159365119756956e-02 -5.067027859968444403e+00 -1.070727320603603872e-01 1.107841226507453314e-01 -2.271755372272393458e+01 -5.042853379613987386e-02 4.124690318938561973e-02 -1.198796969280274283e+01 -2.657617621254981799e-01 2.750243934792244715e-01 -4.954417304967013536e+01 -3.877791654090714246e-01 4.328573596462419459e-01
-9.863993121088633131e+00 -2.691238375324189747e-02 3.000492443669955378e-02 -6.443255549244947034e+00 -1.038492619045214838e-01 1.013100928177221860e-01 -2.272165317260098760e+01 -4.303332287300420944e-02 3.803675426684094418e-02 -1.540076399995366430e+01 -2.572927082622857853e-01 2.510293921162904951e-01 -5.442966584288823384e+01 -3.558365959005058698e-01 3.789220382508133866e-01
-9.884118763959760301e+00 -4.351230293471708421e-02 4.921866867201174500e-02 -1.663724380412002768e+00 -3.851343138795471077e-02 4.272897027157629424e-02 -2.548445043738446714e+01 -1.115677625781898996e-01 9.107978398023419686e-02 -3.492299246761306986e+00 -9.730224004369292246e-02 1.080314747041097867e-01 -4.052459282851754097e+01 -1.853618274612216510e-01 2.094931628018628089e-01
-9.800396349668570650e+00 -3.606730255999046619e-02 4.029442114567771682e-02 -9.949494294760942381e+00 -2.845084269530762100e-01 2.556930486447761552e-01 -2.273948618345500705e+01 -6.315791729825548373e-02 5.613598398836572301e-02 -2.407584557683565762e+01 -7.031179199166999183e-01 6.319864749589889641e-01 -6.656522240472017415e+01 -9.820300308906695363e-01 9.548448464745860065e-01
-9.745933348891552939e+00 -2.780299462852475756e-02 3.001497365696259578e-02 -1.021577173806680072e+01 -1.717048536317467011e-01 1.791841359037729120e-01 -2.264745261116305386e+01 -4.813156410863683732e-02 3.898062583354899857e-02 -2.473391124615773862e+01 -4.243009554135248607e-01 4.428183331127826250e-01 -6.734306894427913903e+01 -6.232541392671464564e-01 6.539939804359136133e-01
-9.677023163369231185e+00 -2.887312170975064873e-02 2.643347654873728914e-02 -2.314231113940796902e+01 -3.116551482188043565e-01 3.211896874038551175e-01 -2.269856318886656510e+01 -4.204137161859478056e-02 3.460034743398665569e-02 -5.662374767202302905e+01 -7.680573376538717412e-01 7.915794729019580700e-01 -1.121416451636667944e+02 -1.109486907921393595e+00 1.135401006534578983e+00
-9.991004043295289350e+00 -3.703893929895230031e-02 3.356589993148872964e-02 -3.652634266164094612e+01 -8.183364326947213385e-01 8.049811665675932204e-01 -2.278492069577727008e+01 -6.360104318040171734e-02 5.608507931798811796e-02 -8.959227843922197110e+01 -2.015009222472400552e+00 1.982191556748063022e+00 -1.588945458399354891e+02 -2.862908392718622963e+00 2.816618177293150893e+00
-1.002935092847870280e+01 -3.587450110267376147e-02 3.198712296705430447e-02 -3.956487826326252133e+01 -8.133083803400396050e-01 8.025780626217553504e-01 -2.283005089950778554e+01 -6.130925205338044748e-02 5.265863631767686570e-02 -9.707381103102780173e+01 -2.002397394776352257e+00 1.976036342598220585e+00 -1.694980911222768043e+02 -2.876055055916765468e+00 2.792595318351288824e+00
-9.670473364239359881e+00 -3.664984968234641372e-02 4.042657057721754654e-02 -3.470476763770530049e+00 -6.038840000279455111e-02 6.935930950908808512e-02 -2.256595064113245641e+01 -5.654192471213193016e-02 5.115901959280932942e-02 -8.018089759843213926e+00 -1.504702818298682132e-01 1.728629239909871274e-01 -4.372499052898555760e+01 -2.417364243792761158e-01 2.337520173143090574e-01
-1.008764021181377757e+01 -4.559424801191980237e-02 4.630464821175905854e-02 -1.261285124092769117e+01 -4.344250688687196771e-01 4.204624291736056563e-01 -2.274098179371009820e+01 -8.090381474949026597e-02 7.083847510550711490e-02 -3.065475877708878016e+01 -1.072522777189867327e+00 1.038187438296120035e+00 -7.609623202354035243e+01 -1.513511699292124035e+00 1.534842851050271406e+00
-1.010942508211978641e+01 -3.876898890649904672e-02 4.111859433171183298e-02 -1.395186222971758028e+01 -3.879492927396288593e-01 3.783958212795877074e-01 -2.273299725656941206e+01 -6.892520254918821365e-02 5.887840915477227099e-02 -3.396013113965145891e+01 -9.574398518724507312e-01 9.339533321328588045e-01 -8.075441570805824654e+01 -1.360818122990934853e+00 1.306174532838667801e+00
