-3.637168516690977071e+01 -9.633895869973230219e-02 1.063418370596309614e-01 -2.464645118363799181e+00 -7.248098533803704058e-02 7.383854478915141684e-02 -3.883633028527356856e+01 -1.389416001995371630e-01 1.648285443245640636e-01 0.000000000000000000e+00 0.000000000000000000e+00 0.000000000000000000e+00 0.000000000000000000e+00 0.000000000000000000e+00 0.000000000000000000e+00
-3.261281063531826163e+01 -5.649326857484027187e-02 5.249612036199380327e-02 -1.423825756094268513e+01 -2.297845597797554262e-01 2.491464843786683758e-01 -4.685106819626094676e+01 -2.562563495841274630e-01 2.664827433933467660e-01 0.000000000000000000e+00 0.000000000000000000e+00 0.000000000000000000e+00 0.000000000000000000e+00 0.000000000000000000e+00 0.000000000000000000e+00
-3.251855941666187277e+01 -4.800844310796037462e-02 4.111146414366828594e-02 -1.758639866416123709e+01 -2.086613198051203710e-01 2.357648758683978940e-01 -5.010495808082310987e+01 -2.205705779541204947e-01 2.356721145075368895e-01 0.000000000000000000e+00 0.000000000000000000e+00 0.000000000000000000e+00 0.000000000000000000e+00 0.000000000000000000e+00 0.000000000000000000e+00
-3.255444186399010675e+01 -3.645881364053593643e-02 4.536298102673441690e-02 -5.037708893570519564e+01 -5.188888882865683172e-01 5.154354134934493459e-01 -8.293153079969530950e+01 -5.301817450786927566e-01 5.038330105424222438e-01 0.000000000000000000e+00 0.000000000000000000e+00 0.000000000000000000e+00 0.000000000000000000e+00 0.000000000000000000e+00 0.000000000000000000e+00
-3.255214498953895941e+01 -5.368830475897823362e-02 4.359651707653711128e-02 -8.500604955305598764e+01 -9.823303635711653214e-01 1.213141219342858790e+00 -1.175581945425949471e+02 -1.017550415459851365e+00 1.226353006410079161e+00 0.000000000000000000e+00 0.000000000000000000e+00 0.000000000000000000e+00 0.000000000000000000e+00 0.000000000000000000e+00 0.000000000000000000e+00
-3.266961948970821084e+01 -5.349320023841386273e-02 4.372249015650453430e-02 -9.541446299010382859e+01 -1.068246657821916301e+00 1.275096367961623400e+00 -1.280840824798120252e+02 -1.112652777673332594e+00 1.291893956776107188e+00 0.000000000000000000e+00 0.000000000000000000e+00 0.000000000000000000e+00 0.000000000000000000e+00 0.000000000000000000e+00 0.000000000000000000e+00
-3.284865241915723999e+01 -5.928540565845707988e-02 6.864318949607906006e-02 -2.180204088756517944e+00 -4.929628134501884418e-02 5.338275008247572728e-02 -3.502885650791375838e+01 -8.234906473029468543e-02 9.169162857534018940e-02 0.000000000000000000e+00 0.000000000000000000e+00 0.000000000000000000e+00 0.000000000000000000e+00 0.000000000000000000e+00 0.000000000000000000e+00
-3.248917549689894457e+01 -6.475780282596588222e-02 5.686757380480145230e-02 -1.647999568168789963e+01 -3.728344941858630079e-01 3.858085161299698029e-01 -4.896917117858684776e+01 -3.877791654090714246e-01 4.328573596462348405e-01 0.000000000000000000e+00 0.000000000000000000e+00 0.000000000000000000e+00 0.000000000000000000e+00 0.000000000000000000e+00 0.000000000000000000e+00
-3.258564629368962073e+01 -5.566558468340332411e-02 5.100735924175126002e-02 -2.126901767811532196e+01 -3.611419701668090454e-01 3.523394849340135693e-01 -5.385466397180493914e+01 -3.558365959005200807e-01 3.789220382508062812e-01 0.000000000000000000e+00 0.000000000000000000e+00 0.000000000000000000e+00 0.000000000000000000e+00 0.000000000000000000e+00 0.000000000000000000e+00
-3.536856920134422921e+01 -1.157858286621618049e-01 1.106933705757313646e-01 -4.581021756090022379e+00 -1.358156714316480773e-01 1.507604449756856368e-01 -3.994959095743425337e+01 -1.853618274612216510e-01 2.094931628018628089e-01 0.000000000000000000e+00 0.000000000000000000e+00 0.000000000000000000e+00 0.000000000000000000e+00 0.000000000000000000e+00 0.000000000000000000e+00
-3.253988253312358125e+01 -7.958677059544783106e-02 7.815889746859738807e-02 -3.345033800051331241e+01 -9.876263468697743519e-01 8.876795236037651193e-01 -6.599022053363688656e+01 -9.820300308906695363e-01 9.548448464745860065e-01 0.000000000000000000e+00 0.000000000000000000e+00 0.000000000000000000e+00 0.000000000000000000e+00 0.000000000000000000e+00 0.000000000000000000e+00
-3.239338596005460857e+01 -5.403194089416274437e-02 4.947078341636057530e-02 -3.437468111314124997e+01 -5.960058090452733381e-01 6.220024690165502079e-01 -6.676806707319585144e+01 -6.232541392671606673e-01 6.539939804359136133e-01 0.000000000000000000e+00 0.000000000000000000e+00 0.000000000000000000e+00 0.000000000000000000e+00 0.000000000000000000e+00 0.000000000000000000e+00
-3.237558635223579273e+01 -4.575321904055584810e-02 4.824186099011740225e-02 -7.919105694034772114e+01 -1.079712485872661887e+00 1.112769160305816740e+00 -1.115666432925835068e+02 -1.109486907921393595e+00 1.135401006534578983e+00 0.000000000000000000e+00 0.000000000000000000e+00 0.000000000000000000e+00 0.000000000000000000e+00 0.000000000000000000e+00 0.000000000000000000e+00
-3.277592473907255766e+01 -8.507285487959137527e-02 7.609246224250654222e-02 -1.255436192297796367e+02 -2.833345655167136101e+00 2.787172723315677558e+00 -1.583195439688522015e+02 -2.862908392718651385e+00 2.816618177293150893e+00 0.000000000000000000e+00 0.000000000000000000e+00 0.000000000000000000e+00 0.000000000000000000e+00 0.000000000000000000e+00 0.000000000000000000e+00
-3.285940182798648834e+01 -8.129900660449607130e-02 7.561585234562073765e-02 -1.360636874232070568e+02 -2.815705775116384757e+00 2.778614405219997252e+00 -1.689230892511935451e+02 -2.876055055916737047e+00 2.792595318351317246e+00 0.000000000000000000e+00 0.000000000000000000e+00 0.000000000000000000e+00 0.000000000000000000e+00 0.000000000000000000e+00 0.000000000000000000e+00
-3.223642400537181629e+01 -6.618686155035646834e-02 6.066093737904054706e-02 -1.091356465253045727e+01 -2.108586818326614321e-01 2.422222335000725479e-01 -4.314998865790227001e+01 -2.417364243792761158e-01 2.337520173143019520e-01 0.000000000000000000e+00 0.000000000000000000e+00 0.000000000000000000e+00 0.000000000000000000e+00 0.000000000000000000e+00 0.000000000000000000e+00
-3.282862200552387577e+01 -9.733729981327599035e-02 1.031272980444057907e-01 -4.269260814693318196e+01 -1.506947846058594109e+00 1.458649867469731021e+00 -7.552123015245706483e+01 -1.513511699292109824e+00 1.534842851050271406e+00 0.000000000000000000e+00 0.000000000000000000e+00 0.000000000000000000e+00 0.000000000000000000e+00 0.000000000000000000e+00 0.000000000000000000e+00
-3.284242233868919669e+01 -8.391759164697276674e-02 8.580209168570007705e-02 -4.733699149828575514e+01 -1.345389144612070709e+00 1.312349153412448288e+00 -8.017941383697495894e+01 -1.360818122990934853e+00 1.306174532838667801e+00 0.000000000000000000e+00 0.000000000000000000e+00 0.000000000000000000e+00 0.000000000000000000e+00 0.000000000000000000e+00 0.000000000000000000e+00
