-9.719752027857412102e+00 -7.930909648191608596e-02 7.796668698206410397e-02 -6.774225315208767251e-01 -5.778527686483236891e-03 5.341656649323289763e-03 -2.418157784940358468e+01 -1.328087096444114934e-01 1.167561139122632596e-01 -8.644295241647345085e-01 -1.061695946567087212e-02 9.489924448150000025e-03 -3.544318193294660091e+01 -1.575423992478448554e-01 1.447548250421490934e-01
-9.872861906818343414e+00 -4.697004817304240021e-02 4.885620207998897513e-02 -2.882692416976674554e+00 -5.912118172578084696e-02 6.046603357000401857e-02 -2.254923016077263753e+01 -6.923504206841712971e-02 5.404075603491165225e-02 -6.551624212034142580e+00 -1.476762491803693678e-01 1.510821454018573817e-01 -4.185640869660179675e+01 -2.588411292479975145e-01 2.447071662122581870e-01
-9.937087325321082076e+00 -4.574658122437824659e-02 4.371127465129731604e-02 -3.754020295113344563e+00 -5.116069251445054533e-02 5.579555227117571903e-02 -2.254214869614491690e+01 -6.215350266461783235e-02 5.021980931008585003e-02 -8.724335965827350492e+00 -1.273629834353755541e-01 1.389238330410318412e-01 -4.495759228240669358e+01 -2.226205242149958963e-01 2.287068892848509449e-01
-9.765421898720767047e+00 -3.374845628165346056e-02 2.977930737346490275e-02 -1.035255156963543577e+01 -1.349240090828907057e-01 1.447455342448176197e-01 -2.247030810638295506e+01 -4.646383541826182295e-02 4.127595230931646597e-02 -2.507191138669418962e+01 -3.333941136605211852e-01 3.576850336804042740e-01 -6.766019296143335282e+01 -4.720430489674640739e-01 4.868139761490510864e-01
-1.006475506182473012e+01 -2.970820863470358120e-02 2.440454257928870163e-02 -2.066281921283351863e+01 -3.031158192705589727e-01 3.536332510985111810e-01 -2.254387326258472513e+01 -5.180481166522454828e-02 4.417335666617105971e-02 -5.051227636149751987e+01 -7.472139903486265666e-01 8.717800994720761310e-01 -1.037837238987405044e+02 -1.046522950213102376e+00 1.216253600895186082e+00
-1.014494184711347913e+01 -3.094746197061581938e-02 2.518761333054442275e-02 -2.344148031393944720e+01 -2.989982886520863303e-01 3.801380627644448396e-01 -2.262787113500563052e+01 -5.192233653410127658e-02 4.492919015162044616e-02 -5.736103444735289969e+01 -7.368443600902239154e-01 9.368340919833642033e-01 -1.135753277434114636e+02 -1.090579447413503544e+00 1.296198941865867482e+00
-9.748580192227683128e+00 -5.973004975605711309e-02 5.490081659586287799e-02 -6.867892454250279499e-01 -5.163686595908045796e-03 5.194640472007128196e-03 -2.255574374681910399e+01 -8.164589309505032588e-02 7.725772574009681648e-02 -9.596554958214819075e-01 -1.510763741961873574e-02 1.538839959853410821e-02 -3.395076868029330086e+01 -1.045209149393002690e-01 8.833083407820652155e-02
-1.012143233030716161e+01 -4.227226006063489194e-02 4.473382261374148072e-02 -4.047499178145288923e+00 -9.550027292869067708e-02 1.076121247268044812e-01 -2.256264511531767880e+01 -6.585066549234142030e-02 5.826115142273735614e-02 -9.454690058500668570e+00 -2.375380462162066664e-01 2.677350207803943505e-01 -4.618626668227079790e+01 -3.765403434191512133e-01 4.153357619551911739e-01
-1.022856613945456417e+01 -3.823000760481676252e-02 4.105462714723628892e-02 -5.394244541014903582e+00 -9.589058246536286134e-02 1.010301343258639406e-01 -2.264433177291740407e+01 -5.732446337190566510e-02 4.630482054579587725e-02 -1.280000026087322063e+01 -2.378871573446499355e-01 2.506745380717187999e-01 -5.106714271426009333e+01 -3.554920592408805646e-01 3.755803604969472076e-01
-9.797240873166416009e+00 -8.326767811428581467e-02 7.836266405903558052e-02 -7.488459374203442209e-01 -1.442942947158609712e-02 1.535331691702945811e-02 -2.402647481741549740e+01 -1.309698490545088134e-01 1.167223883809285212e-01 -1.134490847288410542e+00 -3.939341821341324490e-02 4.228528937430242607e-02 -3.570705247529066639e+01 -1.672133950862644269e-01 1.783878138330194929e-01
-1.017107355263338420e+01 -5.757499671957688747e-02 5.819300982346753415e-02 -8.132567907411853980e+00 -2.619003228182439358e-01 2.513812316082288945e-01 -2.263594048347599852e+01 -8.298414951764954139e-02 7.520874029820845408e-02 -1.958309903867007051e+01 -6.479072783185948481e-01 6.219951257262117394e-01 -6.052268098219130366e+01 -9.654713954335036874e-01 9.328274158218334833e-01
-1.010776311664131200e+01 -4.467313315917209593e-02 4.761172237769528692e-02 -8.350118693461787700e+00 -1.674816512067565100e-01 1.750242349512269868e-01 -2.253885777106485122e+01 -6.354110914803712262e-02 5.424373755477773784e-02 -2.012129932712795721e+01 -4.142810409896746648e-01 4.329873165772148980e-01 -6.111803890829590813e+01 -6.065127389496325350e-01 6.348611464296425311e-01
-1.000067343940944475e+01 -3.637446937191768370e-02 3.287716086064662591e-02 -1.878951639093942205e+01 -2.811654871502042852e-01 3.116811690585805650e-01 -2.243862245513547293e+01 -5.153890123830962011e-02 4.192168315246647126e-02 -4.589373223919500333e+01 -6.932761236947158068e-01 7.685526369250794687e-01 -9.712254452467935550e+01 -1.022293424354742797e+00 1.082598057115845336e+00
-1.030507328878430684e+01 -4.751907708719294021e-02 4.114582363850693980e-02 -3.259072059361421481e+01 -8.103119958363222963e-01 8.162883677817625028e-01 -2.267977785716552575e+01 -7.130991705203371112e-02 6.977249308474497980e-02 -7.990048225256686010e+01 -1.995608851647517668e+00 2.010412181200635473e+00 -1.454760539921309146e+02 -2.831950592135399347e+00 2.901177620550157599e+00
-1.035527231472514131e+01 -4.898827536017336115e-02 3.952694704991976948e-02 -3.544082567510978521e+01 -8.175388968362895525e-01 8.075634213438647180e-01 -2.273363927360559700e+01 -7.291223236207855507e-02 6.705225062869502040e-02 -8.691927719472087688e+01 -2.013137575679820657e+00 1.988645198419945359e+00 -1.554490144581614004e+02 -2.899985840360159273e+00 2.864039737690092124e+00
-1.003313437197738445e+01 -6.430164459815657096e-02 5.799755684128804489e-02 -2.687238788231833819e+00 -5.985672039750689066e-02 6.101944707571282933e-02 -2.242462810915172966e+01 -7.907430121366232356e-02 7.358633630300914774e-02 -6.063076930472306891e+00 -1.496720629745142972e-01 1.526346377427376666e-01 -4.120807819983325260e+01 -2.617473682311981520e-01 2.313497067526171236e-01
-1.044067179033664416e+01 -6.948844314879210060e-02 6.375609908093160527e-02 -1.139924350776828987e+01 -4.263520804491047755e-01 4.145816967427897737e-01 -2.276026955681652453e+01 -9.110813280364737921e-02 8.376766384592571058e-02 -2.765777547618737131e+01 -1.053009877258297422e+00 1.024098607361917601e+00 -7.225796033110881922e+01 -1.514595528106823963e+00 1.512717261869795493e+00
-1.045951845771383049e+01 -5.725810842639766918e-02 5.599835631042182627e-02 -1.273139602555178840e+01 -3.652677705493623250e-01 3.722010891057507820e-01 -2.276392944533258245e+01 -7.677121226292626943e-02 7.650620516391981596e-02 -3.094743981011217215e+01 -9.017625268583984166e-01 9.189815157693992376e-01 -7.690228373871036638e+01 -1.337803407064882322e+00 1.354293718845198669e+00
