1.843486828899311192e+01 -4.017649389192996523e-01 4.168569254125635837e-01 6.306615121393998180e+01 -1.756438954713871681e+00 1.864409144087680659e+00 4.013400166515174172e-01 -1.801548034457151060e-02 2.025443420863853872e-02 3.222254705924041218e+01 -1.425896521184732535e+00 1.695258558146811367e+00 1.126817525766968392e-01 -3.154220710135324790e-03 3.266360150582542365e-03 8.597263297053170561e+01 -2.414398484716187454e+00 2.474332893666144173e+00
9.434595631300321372e+01 -1.386746661304769646e+00 1.365833219832680356e+00 1.585586534628283459e+02 -2.481566997453654722e+00 2.073798225925997940e+00 5.116255820390720466e-01 -1.648038541934160328e-02 1.774063407380799262e-02 4.072873466291004263e+01 -1.128770036203341931e+00 1.369968660536628136e+00 1.244349292773228866e-01 -3.107474829769973912e-03 3.032543337551873996e-03 9.087152179919321782e+01 -2.154854897713349260e+00 2.385445065336398329e+00
1.139155440988137116e+02 -1.221972284279900123e+00 1.124676395441468912e+00 1.747083239940532167e+02 -2.703069806566475108e+00 2.277341657740805658e+00 5.240877512166527419e-01 -1.826346489698393860e-02 1.988523700011812778e-02 4.214019954464239959e+01 -1.215578770923443130e+00 1.429496204186314401e+00 1.253733573271213209e-01 -3.146611227316534198e-03 3.206203496386839102e-03 9.141506935899924713e+01 -2.238080710430963904e+00 2.373035037270270209e+00
2.472174311186989257e+02 -2.777971245508922493e+00 2.625208627372586534e+00 4.488364505075837769e+02 -5.242172025762954490e+00 4.284677797529298005e+00 1.277555332313889069e+00 -2.903364599999713747e-02 3.237131135641280189e-02 9.547212188921248810e+01 -2.119709763189078444e+00 1.853984031960905554e+00 2.218679830028686129e-01 -3.778878334549623519e-03 3.762301732636502694e-03 1.445720835855566975e+02 -2.299187475794553848e+00 2.083239364873207933e+00
4.410827034862347773e+02 -6.241565213473961649e+00 5.715021224199688277e+00 5.634380376303726052e+02 -5.902054781262108918e+00 4.097423869686394937e+00 1.185548159362918241e+00 -2.573131951968132825e-02 2.712833079093579514e-02 9.176175981723419284e+01 -1.801005248542054460e+00 1.734002298101458450e+00 2.229388989554992595e-01 -3.296311547814734233e-03 3.179340534724212075e-03 1.438146404909868750e+02 -2.096041535189954175e+00 1.931455881508611583e+00
4.922749140713046927e+02 -6.634509448890412386e+00 5.854376508538621238e+00 5.891265756023958602e+02 -6.052900498702456389e+00 4.274891597752116468e+00 1.251138967888683950e+00 -2.659898325698240029e-02 3.050590548240750266e-02 9.632183359092152841e+01 -1.902431280555632043e+00 1.896406531657959249e+00 2.290350992099158822e-01 -3.551654317561936391e-03 3.516113749225863172e-03 1.471027679620414403e+02 -2.300650826825631157e+00 1.918213399970994715e+00
2.871917434532474900e+01 -4.471261530937162831e-01 4.553622288624623593e-01 5.917061213067906777e+01 -1.337697671864077620e+00 1.271098084789684890e+00 2.299396401064082440e-01 -9.744162678134132838e-03 1.153374585143643327e-02 1.898306070349715569e+01 -7.663181298379910800e-01 1.014634003611082136e+00 9.226007394665181049e-02 -3.461343897059987462e-03 3.792019868534460270e-03 7.208711540178025245e+01 -3.014155271444963091e+00 3.205523062125678280e+00
1.203030894850734853e+02 -2.227255124538800146e+00 2.116130389750878749e+00 1.518395249321568485e+02 -2.229612854535503175e+00 1.876471384772969486e+00 3.497372884493583078e-01 -1.114311525895123056e-02 1.247129348585379605e-02 2.866684871882289087e+01 -8.813148872227145603e-01 9.234017456216747632e-01 1.064608124963382502e-01 -3.360833599477863753e-03 3.221447662378071342e-03 7.927260919176988807e+01 -2.519390701420007872e+00 2.669455444371024555e+00
1.487441661427680515e+02 -2.048117397240929449e+00 1.995542518136716126e+00 1.676372983872707323e+02 -2.288574677810714775e+00 1.915374169377372482e+00 3.543178924052012846e-01 -1.139257701609475149e-02 1.271917703709707359e-02 2.939957979871458349e+01 -9.818553783779080391e-01 9.659872821865924664e-01 1.064294500558125994e-01 -3.184944463701364081e-03 3.186271976512763948e-03 7.932279382085883412e+01 -2.513238295080498119e+00 2.570914946407654611e+00
3.292937304207426052e+01 -8.363122807471157216e-01 8.344129357263554425e-01 1.019776192780964550e+02 -2.876219002275774983e+00 3.010869239978774203e+00 5.198541190649129673e-01 -2.271279784268398494e-02 2.908534673080975796e-02 4.211072034120925167e+01 -1.814573419212223371e+00 2.399607027890084510e+00 1.219725131639974730e-01 -3.874011550546369032e-03 3.398796052876032481e-03 9.166269856465389410e+01 -2.494191798101212498e+00 2.713544843739342127e+00
2.039259017201073618e+02 -4.758433846631987763e+00 5.165882152882716127e+00 2.554550522424728172e+02 -5.701314720995924290e+00 4.491309724980936835e+00 5.954345983400537445e-01 -2.188399384318939767e-02 2.424715589065662424e-02 4.904509919788927874e+01 -1.682606801103844418e+00 2.101171660260988006e+00 1.381006226655188129e-01 -4.021135883984450210e-03 3.601265510074558307e-03 9.887362093324689738e+01 -2.717443339358112553e+00 2.586430303874124093e+00
2.082125468474860384e+02 -3.383252904914769488e+00 3.292817254560873153e+00 2.719088994518799041e+02 -4.669195719428557823e+00 4.085469925879806397e+00 6.090904870342030986e-01 -2.276089442927375917e-02 2.505351217560680688e-02 5.049413042734664714e+01 -1.656631064214863613e+00 1.983009899573303869e+00 1.381851908229538572e-01 -3.729400163136303847e-03 3.885096262435189240e-03 9.872328037964558689e+01 -2.716908817642064378e+00 2.403169684384451443e+00
4.063900719199080527e+02 -5.661325000072849889e+00 5.249947686608152253e+00 5.749108105974166847e+02 -8.192956792823565593e+00 6.575453804107155520e+00 1.277693678687590984e+00 -3.563958779224196682e-02 3.381441637013371526e-02 9.934618560943009413e+01 -2.427238921207035105e+00 2.318517943804991432e+00 2.345339228419036359e-01 -4.600949707671997402e-03 4.966561465892499472e-03 1.537781614586602359e+02 -2.901421122583514034e+00 2.737964382097231919e+00
6.592481317963005267e+02 -1.457866953351185657e+01 1.527089096996769513e+01 6.889132563077318991e+02 -1.042011992567097423e+01 9.033202721792576995e+00 1.189178157870141028e+00 -3.038479635621182950e-02 3.216671634607770613e-02 9.590316408540577697e+01 -2.616386999568035776e+00 2.650457539608638058e+00 2.364131113179867849e-01 -5.188179603205334001e-03 5.896411220709524281e-03 1.539267211659811210e+02 -3.402355017268860138e+00 3.492768504190820522e+00
7.109077017142446948e+02 -1.428606188551339073e+01 1.517269642647545425e+01 7.141521047917482292e+02 -1.116662715629729519e+01 8.772844315350880606e+00 1.248612952913665586e+00 -3.216275985757954814e-02 3.451063962126599272e-02 1.001240689408633813e+02 -2.690740095133847376e+00 2.665835921823415333e+00 2.424598229272768579e-01 -5.184157814863837865e-03 6.020294374528195602e-03 1.573953745540053433e+02 -3.425809081153005309e+00 3.802528203685596964e+00
8.979200348946207555e+01 -1.424652834896036779e+00 1.420206544451176001e+00 1.325537473256242436e+02 -3.542024810628447540e+00 3.381733315982643262e+00 3.258599461580494183e-01 -1.482724225900694526e-02 1.854598972043935978e-02 2.788143142681638409e+01 -1.274715709675668052e+00 1.955158148557252673e+00 1.054946834902328046e-01 -4.483064862751601209e-03 3.874508936978979246e-03 7.980552938121948614e+01 -3.290973365738352641e+00 3.163760166008273700e+00
2.673434272645359897e+02 -7.548348189939076747e+00 8.203920408541819143e+00 2.591380748259728080e+02 -6.530074155628938115e+00 5.654079220854271171e+00 4.274035696970037712e-01 -1.838626666822429367e-02 1.959044217703048707e-02 3.666594010194394571e+01 -1.569432715471968720e+00 1.576796714235840113e+00 1.214572607968712470e-01 -4.644699607848329359e-03 5.104483213799804187e-03 8.846740070002260836e+01 -3.583681123939257418e+00 3.102638173418483802e+00
2.927574099592703192e+02 -6.551716360585146504e+00 7.714314058860054502e+00 2.765684908006534215e+02 -6.476774801636111079e+00 5.321365758642912169e+00 4.326673351321199679e-01 -1.865112230275633998e-02 1.903224909669465337e-02 3.735554085487123643e+01 -1.558053066215791205e+00 1.635549327757651383e+00 1.211381631152007171e-01 -4.275397447592893529e-03 4.690355066944387752e-03 8.833617668889274910e+01 -3.288863062866411724e+00 2.876381552222909477e+00
