4.627293186002318492e+01 -7.150219886373179179e-01 6.967761894263233557e-01 2.912267500224763239e+02 -5.277164822547490530e+00 4.930350674054295723e+00 8.533160149449261489e-01 -2.101568569216272220e-02 2.808715002286832352e-02 8.932295603763493830e+01 -2.471199295490450254e+00 3.193796894403973852e+00 3.317587088650484350e-01 -7.546152425973950972e-03 7.489007233611011394e-03 2.310801839101876851e+02 -4.802874335404879957e+00 4.355793363620279024e+00
1.283742468131736416e+02 -1.482442659346489222e+00 1.441228340452653356e+00 4.087375189256408134e+02 -5.520578275907041643e+00 4.034288430785579749e+00 1.037292696341830966e+00 -2.233235126501798007e-02 2.827815119604859539e-02 1.022222132165680364e+02 -2.070879806905622900e+00 2.667132383310175214e+00 3.308741831998317506e-01 -6.960395038340116969e-03 6.437767780397563033e-03 2.273820233216443683e+02 -4.460542715958297322e+00 4.128895143328463746e+00
1.485488540088644811e+02 -1.375031642783369534e+00 1.257709428841025101e+00 4.315467823529170914e+02 -5.577521973975251512e+00 4.498689635939683740e+00 1.062469279679887357e+00 -2.474973961402615608e-02 3.107847615397663077e-02 1.048323654968737628e+02 -2.178960676081686643e+00 2.714096400626175409e+00 3.294554439936591139e-01 -7.089597921164203509e-03 6.222744295399651460e-03 2.263378517574447244e+02 -4.212280230706795692e+00 3.714753082073229962e+00
3.324008095520239863e+02 -2.773309193950069584e+00 2.923812463461217703e+00 9.388567912014168542e+02 -7.012644115758689622e+00 6.162199160643808682e+00 2.331515216546812930e+00 -3.810628267044169348e-02 4.260596018813789243e-02 2.011366344952909913e+02 -3.100554784824964827e+00 3.444014173351888530e+00 3.298312635957397210e-01 -4.582866110253436265e-03 4.643296675846064758e-03 2.096994466532526076e+02 -2.727283907967830601e+00 2.852430258723643419e+00
5.175880839143362664e+02 -6.392341936961258853e+00 5.405807430139134340e+00 1.002873590083331578e+03 -6.547167679529366069e+00 5.328315638169897284e+00 2.162933498688913048e+00 -3.181384074172655119e-02 3.533955219650808388e-02 1.871694627164947065e+02 -2.485249643119686880e+00 2.788186759688500160e+00 3.310178193408702119e-01 -4.133639961508672744e-03 4.147878877558797139e-03 2.100046474200073590e+02 -2.477218243426733579e+00 2.473184167968440761e+00
5.725412861660967110e+02 -6.414896062899856588e+00 5.688782144642232197e+00 1.042925192462882933e+03 -6.965197028459442663e+00 5.270299657325494991e+00 2.252618627693076192e+00 -3.461410104093243234e-02 3.791756392204215231e-02 1.937757816732617471e+02 -2.653220165461988245e+00 2.976001754342775030e+00 3.302091657618582143e-01 -4.175575634623729382e-03 4.389120419142578111e-03 2.082132944909951675e+02 -2.488074227193777688e+00 2.549150446851768947e+00
4.344359112868493611e+01 -5.167175473909395578e-01 5.178769418646496092e-01 1.906973834165553114e+02 -3.649331085687578025e+00 3.501065544136764629e+00 5.229203169991003541e-01 -1.469727910083129530e-02 1.701920096654663261e-02 5.920581414520439978e+01 -2.145589556984248247e+00 2.694514186680628143e+00 3.383554532950890370e-01 -9.393600077542307858e-03 1.004410504223507417e-02 2.365353635898972300e+02 -6.588614766919391741e+00 6.477422122409421945e+00
1.419424262694663241e+02 -2.080489256898687245e+00 2.276602628759604841e+00 3.176422177488174725e+02 -4.021824894329938616e+00 3.156841720522038486e+00 7.285363774679523008e-01 -1.745446736517319852e-02 1.732685952510215621e-02 7.472017288314722805e+01 -1.911311905374844855e+00 2.184095693897504020e+00 3.355224750732244687e-01 -8.193676952700623684e-03 8.798240786362321320e-03 2.321080392695147054e+02 -5.960412830355807046e+00 5.664704476372293129e+00
1.702001621181491373e+02 -2.017292189754073206e+00 2.172008004689672589e+00 3.350171484177143384e+02 -4.014832554808720033e+00 3.304646703551156861e+00 7.337308612836556110e-01 -1.746240512463048677e-02 1.771311263809249859e-02 7.537689886933867456e+01 -1.900517125188699197e+00 2.196677476964438824e+00 3.344321109634987299e-01 -8.111881941047172084e-03 8.310737933536371802e-03 2.315240671279703975e+02 -5.518890251698195470e+00 5.675557778124726838e+00
6.420015368486812690e+01 -1.123719926832514204e+00 1.077799094475523134e+00 3.615876315579844800e+02 -6.695532742370232882e+00 5.788070559509208124e+00 1.085959266279094448e+00 -3.481575889248289535e-02 4.118489978383021999e-02 1.115112429036751820e+02 -3.308088297067968142e+00 4.292807070988359897e+00 3.400693701321813589e-01 -7.131531677620206455e-03 7.466044663921644897e-03 2.384435720977762969e+02 -4.663897657020498855e+00 4.497870363357179713e+00
2.394241497603726430e+02 -4.944380012580950279e+00 5.704746982453258397e+00 5.231126557127365686e+02 -8.213585196126814481e+00 5.829177490522056360e+00 1.183221280540680320e+00 -2.916003663348232244e-02 3.002523761066666630e-02 1.164800689577040913e+02 -2.701481704109923498e+00 3.273414453628817000e+00 3.416322052834432355e-01 -7.462276135345724537e-03 6.450422165003910635e-03 2.359825451047570368e+02 -4.615776583128280208e+00 4.603403725909771538e+00
2.445756215618894203e+02 -3.408092353561812615e+00 3.400408017227363189e+00 5.478666750861701757e+02 -7.092012184581335532e+00 6.078995559610348209e+00 1.215373782932541058e+00 -3.068684234471952266e-02 3.242017480159486986e-02 1.194619420884194625e+02 -2.748611188076807821e+00 3.053189619773974073e+00 3.397550550316539297e-01 -7.325654310989859752e-03 6.739277875828231235e-03 2.345257004904950975e+02 -4.625736439494886554e+00 3.894500044527234195e+00
4.867766994221127561e+02 -5.838091326809035309e+00 5.822583656189920021e+00 1.061193085580278193e+03 -9.882958545015526397e+00 8.035479404402167347e+00 2.327998566533886926e+00 -4.028793382348760943e-02 4.553581834014996943e-02 2.043730458485110830e+02 -3.352444239911704926e+00 3.372317345792822607e+00 3.423616844882533816e-01 -5.670154886355305290e-03 5.600282944955958797e-03 2.202977818512995043e+02 -3.025811773051572118e+00 3.441249623242782718e+00
7.305494635891780035e+02 -1.449683388974358422e+01 1.481936508336571023e+01 1.118706873145702957e+03 -1.066267593297993699e+01 8.736643401771971185e+00 2.144408452911170215e+00 -4.100908301685590729e-02 3.717978712694414156e-02 1.890911426397077548e+02 -3.064650018219651884e+00 2.962078914510925642e+00 3.436326838899904090e-01 -5.922807477460712011e-03 6.784711587249858677e-03 2.211096985762197562e+02 -3.535003660876355980e+00 4.027099078126184395e+00
7.854422527892030530e+02 -1.423352518958711244e+01 1.482990586407424871e+01 1.157221398959352200e+03 -1.118709252790768005e+01 9.059581372123375331e+00 2.222739560721356700e+00 -4.248998483112220725e-02 3.892528611359269419e-02 1.949820837118636234e+02 -3.307205022092176705e+00 3.015102829832301268e+00 3.430290352701391710e-01 -6.167368221566105202e-03 6.608161980205251584e-03 2.195886086048893162e+02 -3.662356740785128295e+00 3.934606310163815124e+00
1.076577118259082511e+02 -1.532645231201811953e+00 1.371466084267467522e+00 2.918036141822261129e+02 -5.442122988037624509e+00 5.565250542092428532e+00 6.997376406711076635e-01 -2.287153342649994592e-02 2.425729251266550701e-02 7.678166512482923167e+01 -2.673982667323684836e+00 3.403887584827089086e+00 3.484439724927405058e-01 -9.631751859368431479e-03 9.933089800687522342e-03 2.449599048783448723e+02 -6.622382076915442894e+00 6.307548581238023644e+00
2.905039640983818572e+02 -7.206729858153494206e+00 8.531023126775380661e+00 4.407378011132247480e+02 -7.946165644214431723e+00 6.815005446340251183e+00 8.571106137094263167e-01 -2.491876537753268117e-02 2.533888497570446763e-02 8.716869464800453216e+01 -2.770596410887833372e+00 2.783420469216935089e+00 3.457506912350029604e-01 -8.698438073726444397e-03 8.554799618434472119e-03 2.409476855153167207e+02 -6.046696612445543906e+00 6.205222895210027900e+00
3.158765868174547222e+02 -6.500602242620573179e+00 7.943011290709875993e+00 4.602656446384162336e+02 -7.838729078598078104e+00 6.416961436059693824e+00 8.647332338130420126e-01 -2.537646108109836707e-02 2.450640335524156832e-02 8.781797345042211589e+01 -2.537118665770208281e+00 2.786134160341973143e+00 3.443545498758039392e-01 -8.770540124687364880e-03 8.359300515402956488e-03 2.401927407685205935e+02 -5.986346692419260762e+00 6.129723529751117894e+00
