1.221987003381527330e+02 1.166218136287862563e+02 1.115567446320209370e+02 1.069356372636767816e+02 1.027021324896372363e+02 9.880905140245728546e+01 9.521661155386152586e+01 9.189103851639818288e+01 8.880347318058839790e+01 8.592910406437567872e+01 8.324647386950691441e+01 8.073692274333672003e+01
1.322179514694230704e+02 1.261749531544319467e+02 1.206859685144541317e+02 1.156777709486151338e+02 1.110894431056306360e+02 1.068699302281216603e+02 1.029761413703484010e+02 9.937146711726886394e+01 9.602461338339962538e+01 9.290867521776941373e+01 9.000039427232567846e+01 8.727955877445712929e+01
1.430719045778064640e+02 1.365259633204821057e+02 1.305788684303931007e+02 1.251519353128561960e+02 1.201795356026769923e+02 1.156065581301401863e+02 1.113864224674525047e+02 1.074795122843894006e+02 1.038519337148692898e+02 1.004745265228688993e+02 9.732207153084527818e+01 9.437265036092860271e+01
1.548238571575425340e+02 1.477372795365531317e+02 1.412965785478575924e+02 1.354176442852638047e+02 1.300301209144414543e+02 1.250747643632796837e+02 1.205013840941605849e+02 1.162672170824300366e+02 1.123356290737895620e+02 1.086750702892084490e+02 1.052582322543677122e+02 1.020613643765068161e+02
1.675374435901104846e+02 1.598724963922524580e+02 1.529022176580610903e+02 1.465371293983251917e+02 1.407021875696477764e+02 1.353340370546787028e+02 1.303788620254089210e+02 1.257906944921674182e+02 1.215300689176621347e+02 1.175629390831638972e+02 1.138597976558054654e+02 1.103949561191000726e+02
1.812751359432084541e+02 1.729949958368276270e+02 1.654594545703079405e+02 1.585739311671336225e+02 1.522587857374873579e+02 1.464465916441730258e+02 1.410799378387729064e+02 1.361096691793680122e+02 1.314934808412845655e+02 1.271947910127312582e+02 1.231818286204589299e+02 1.194268873268947146e+02
1.960955541734940084e+02 1.871661052932050779e+02 1.790310805296539058e+02 1.715915198305585818e+02 1.647635883663107279e+02 1.584759639656913350e+02 1.526677058364774666e+02 1.472865020309475597e+02 1.422872322645156089e+02 1.376307958034183230e+02 1.332831580265744833e+02 1.292145729143364292e+02
2.120496669608253626e+02 2.024417814234623165e+02 1.936765709199683272e+02 1.856515625668368727e+02 1.782794806653004969e+02 1.714856302380154887e+02 1.652058367665119079e+02 1.593847690484330144e+02 1.539745464623155158e+02 1.489335747750481573e+02 1.442255749885268301e+02 1.398187771665506887e+02
2.291785918560038624e+02 2.188690501909079842e+02 2.094483336195702918e+02 2.008107559307253212e+02 1.928662041917954184e+02 1.855372819485184834e+02 1.787571568464297798e+02 1.724678873315517080e+02 1.666190771090289502e+02 1.611667620721006813e+02 1.560724728837600992e+02 1.513024398273296356e+02
2.475154512986119926e+02 2.364853159612925424e+02 2.263890346203527315e+02 2.171171521759810616e+02 2.085766366622684984e+02 2.006876699947794691e+02 1.933812396525972872e+02 1.865973157670818807e+02 1.802834446485598505e+02 1.743936343651612901e+02 1.688874459153506677e+02 1.637292331054855481e+02
2.670902995303875969e+02 2.553218038696500969e+02 2.445327744214013705e+02 2.346090526952807522e+02 2.254539746409993484e+02 2.169849239015531168e+02 2.091306650754515601e+02 2.018292931255168696e+02 1.950266582506759505e+02 1.886751472550216988e+02 1.827327260126797910e+02 1.771621705442999257e+02
2.879344547047714968e+02 2.754087104228486851e+02 2.639097440430592769e+02 2.533180787724821244e+02 2.435326774951929565e+02 2.344674145095185338e+02 2.260482918649676378e+02 2.182112311472570809e+02 2.109003287998182827e+02 2.040664852260734676e+02 1.976663292853123153e+02 1.916613705008841180e+02
